
 SNPARM = PRES;TMPK;DWPK;RELH;UWND;VWND;HGHT                                    

 STID =               STNM =     3005    TIME = 200706/1200         
 SLAT =  60.13     SLON =    -1.18   SELV =    84.0
 STIM =  1100

      PRES     TMPK     DWPK     RELH     UWND     VWND     HGHT
    998.00   283.95   278.95    71.22     6.31    -5.30    84.00
   1000.00 -9999.00 -9999.00 -9999.00 -9999.00 -9999.00    67.00
    997.00   283.48   278.58    71.63     5.13    -2.39    92.34
    995.00   282.55   277.85    72.46     5.67    -2.65   109.05
    985.00   281.56   277.43    75.20     8.40    -3.92   192.45
    967.00   279.75   276.65    80.58     9.66    -5.12   344.73
    956.00   278.75   275.15    77.62    10.38    -5.94   438.54
    953.00   278.35   275.35    80.96    10.58    -6.17   464.24
    949.00   278.15   274.55    77.53    10.83    -6.49   498.60
    925.00   276.15   274.85    91.16    12.23    -8.56   707.00
    919.00   275.55   274.75    94.45    13.00    -8.02   759.66
    916.00   275.34   274.68    95.39    13.37    -7.72   786.03
    902.00   274.35   274.35   100.00    10.72    -7.80   910.25
    893.00   273.77   273.77   100.00     9.07    -7.61   990.45
    864.00   271.86   271.86   100.00    12.23    -8.56  1254.47
    852.00   271.05   271.05   100.00    14.43   -11.94  1366.32
    851.00   271.05   270.65    97.09    14.59   -12.25  1375.65
    850.00   271.25   268.75    83.01    14.59   -12.25  1385.00
    846.00   271.45   267.95    77.00    14.07   -11.81  1422.56
    835.00   271.32   267.00    72.31    12.62   -10.59  1526.70
    815.00   271.07   265.23    64.26    16.02   -11.22  1719.62
    813.00   271.05   265.05    63.49    15.49   -11.53  1739.17
    803.00   270.22   265.05    67.53    12.74   -12.74  1837.39
    801.00   270.05   265.05    68.38    13.29   -13.29  1857.18
    797.00   270.45   263.45    58.57    14.40   -14.40  1896.86
    790.00   270.45   262.45    54.12    16.35   -16.35  1966.83
    786.00   270.29   262.29    54.07    17.47   -17.47  2007.07
    785.00   270.25   262.25    54.06    17.37   -17.37  2017.16
    779.00   269.85   260.85    49.79    16.75   -16.75  2077.92
    775.00   269.65   260.65    49.73    16.33   -16.33  2118.64
    772.00   269.41   261.87    55.86    16.02   -16.02  2149.26
    765.00   268.85   264.75    73.07    17.42   -16.28  2221.19
    762.00   268.85   261.85    58.14    18.03   -16.37  2252.17
    761.00   268.85   264.45    71.39    18.24   -16.40  2262.52
    754.00   268.50   264.57    73.95    19.72   -16.55  2335.32
    749.00   268.25   264.65    75.86    19.72   -16.55  2387.73
    743.00   267.85   263.05    68.97    19.72   -16.55  2450.97
    742.00   267.85   263.85    73.45    19.72   -16.55  2461.55
    739.00   267.85   260.85    57.87    19.72   -16.55  2493.37
    737.00   267.85   255.85    38.36    19.72   -16.55  2514.65
    735.00   267.85   257.85    45.31    19.72   -16.55  2535.99
    734.00   267.85   258.85    49.20    19.54   -16.39  2546.68
    732.00   267.65   259.65    53.32    19.18   -16.09  2568.10
    730.00   267.45   256.45    41.58    18.82   -15.79  2589.56
    724.00   266.85   254.85    38.04    17.73   -14.88  2654.18
    719.00   266.45   251.45    29.26    16.81   -14.11  2708.34
    713.00   266.05   255.05    41.14    15.71   -13.18  2773.72
    709.00   265.85   253.85    37.72    14.97   -12.56  2817.57
    707.00   265.69   255.29    43.15    14.59   -12.25  2839.57
    704.00   265.45   257.45    52.69    15.04   -11.69  2872.68
    700.00   265.25   256.25    48.42    15.60   -10.93  2917.00
    698.00   265.07   255.89    47.63    16.02   -11.22  2939.22
    690.00   264.34   254.43    44.57    13.80   -11.58  3028.73
    689.00   264.25   254.25    44.19    13.88   -11.39  3039.99
    682.00   263.73   253.44    42.96    14.34   -10.04  3118.85
    669.00   262.75   251.92    40.68    13.49    -9.45  3267.48
    665.00   262.45   251.45    39.99    14.54    -9.27  3313.80
    661.00   262.05   251.80    42.54    15.61    -9.01  3360.09
    649.00   260.85   252.85    51.32    15.25   -11.50  3500.67
    646.00   260.45   254.45    60.80    15.10   -12.14  3536.08
    644.00   260.29   254.29    60.76    14.98   -12.57  3559.75
    641.00   260.05   254.05    60.69    15.45   -11.77  3595.39
    637.00   259.85   252.85    55.64    16.01   -10.66  3643.12
    633.00   259.42   253.54    61.16    16.50    -9.52  3691.01
    626.00   258.65   254.75    72.21    14.38    -9.52  3775.56
    623.00   258.50   254.26    70.15    13.49    -9.45  3811.98
    618.00   258.25   253.45    66.79    14.43    -7.93  3873.06
    611.00   257.94   250.65    53.73    15.48    -5.63  3959.26
    609.00   257.85   249.85    50.41    15.00    -5.46  3984.08
    605.00   257.45   250.45    54.95    14.03    -5.11  4033.86
    601.00   257.27   249.05    49.24    13.06    -4.75  4083.88
    592.00   256.85   245.85    38.15    13.54    -4.93  4197.64
    585.00   256.05   245.05    37.89    13.91    -5.06  4287.07
    574.00   255.54   243.70    34.85    14.51    -5.28  4429.39
    572.00   255.45   243.45    34.32    14.66    -5.49  4455.56
    555.00   253.88   243.45    39.22    15.86    -7.40  4680.18
    544.00   252.83   243.45    42.90    19.17   -11.07  4829.21
    540.00   252.45   243.45    44.36    18.76   -10.49  4884.16
    531.00   251.85   239.85    33.11    17.77    -9.22  5008.39
    519.00   250.79   239.17    33.99    16.33    -7.62  5176.20
    512.00   250.15   238.76    34.53    15.61    -9.01  5275.89
    501.00   249.14   238.11    35.43    14.71    -8.49  5435.33
    500.00   249.05   238.05    35.52    14.71    -8.49  5450.00
    495.00   248.65   237.65    35.38    16.33    -7.62  5523.03
    492.00   248.45   236.45    31.95    16.57    -7.59  5567.15
    480.00   247.25   236.25    34.90    17.56    -7.44  5745.85
    464.00   245.85   232.85    27.99    18.91    -7.15  5989.90
    459.00   245.19   233.29    31.16    19.35    -7.04  6067.48
    455.00   244.65   233.65    33.99    18.82    -7.47  6130.16
    447.00   244.01   229.82    24.09    17.73    -8.27  6256.66
    445.00   243.85   228.85    22.03    18.02    -8.57  6288.64
    442.00   243.65   230.65    27.24    18.46    -9.03  6336.78
    437.00   243.05   228.05    21.78    19.17    -9.83  6417.61
    424.00   241.61   225.18    18.15    20.96   -12.10  6631.02
    419.00   241.05   224.05    16.87    21.17   -11.73  6714.85
    413.00   240.45   225.45    20.94    21.42   -11.27  6816.23
    400.00   238.85   225.85    25.60    21.93   -10.23  7040.00
    396.00   238.25   226.25    28.39    20.44    -9.53  7110.17
    395.00   238.12   225.87    27.58    20.07    -9.36  7127.74
    384.00   236.65   221.65    19.71    20.43   -10.08  7324.02
    376.00   235.65   225.65    34.45    20.70   -10.63  7469.54
    360.00   233.05   225.05    42.06    21.19   -11.81  7767.81
    356.00   232.45   222.45    33.27    21.31   -12.12  7843.92
    353.00   232.08   221.33    30.38    21.40   -12.35  7901.37
    348.00   231.45   219.45    25.98    23.11   -11.49  7998.21
    346.00   231.24   219.37    26.31    23.79   -11.09  8037.12
    333.00   229.85   218.85    28.66    18.66    -8.70  8295.64
    317.00   227.25   220.25    44.95    18.00    -8.39  8625.02
    315.00   227.25   222.25    56.82    17.92    -8.36  8667.11
    312.00   226.85   219.85    44.80    17.79    -8.30  8730.70
    307.00   226.05   221.05    56.42    17.57    -8.19  8837.78
    305.00   225.65   219.65    50.00    17.49    -8.15  8880.98
    300.00   225.05   220.05    56.09    17.27    -8.05  8990.00
    297.00   224.52   219.99    59.16    17.90    -6.52  9056.26
    290.00   223.25   219.85    67.21    18.67    -7.60  9213.51
    289.00   222.85   219.05    63.97    18.78    -7.76  9236.17
    285.00   222.45   215.45    43.14    19.19    -8.43  9327.45
    281.00   222.05   213.05    33.37    19.59    -9.14  9419.84
    278.00   222.05   210.05    22.59    20.15    -9.40  9489.94
    276.00   222.15   209.15    19.82    20.53    -9.57  9537.12
    274.00   222.25   208.25    17.36    20.27    -8.56  9584.64
    269.00   224.25   207.25    12.05    19.41    -6.16  9705.56
    262.00   224.46   206.40    10.46    17.75    -3.13  9879.62
    256.00   224.65   205.65     9.24    19.33    -4.28 10032.56
    255.00   224.45   204.45     7.99    19.59    -4.48 10058.41
    252.00   226.45   202.45     4.80    20.37    -5.14 10136.88
    250.00   226.85   201.85     4.21    20.88    -5.60 10190.00
    247.00   227.57   200.99     3.43    20.32    -7.39 10270.62
    238.00   229.80   198.35     1.82    16.33    -7.62 10518.48
    237.00   230.05   198.05     1.69    15.97    -7.17 10546.59
    232.00   230.15   197.77     1.60    14.03    -5.11 10690.23
    226.00   230.27   197.43     1.50    13.37    -7.72 10866.73
    222.00   230.36   197.20     1.44    12.09    -4.40 10987.02
    206.00   230.71   196.23     1.19    14.42    -3.86 11490.89
    202.00   230.80   195.98     1.14    15.48    -5.63 11622.97
    200.00   230.85   195.85     1.11    14.46    -6.74 11690.00
    198.00   230.97   195.77     1.08    13.06    -6.09 11757.92
    193.00   231.27   195.57     1.01    13.06    -4.75 11930.76
    190.00   231.45   195.45     0.98    12.75    -4.85 12036.62
    176.00   231.20   195.20     0.96    11.20    -5.22 12554.08
    168.00   231.05   195.05     0.96    11.01    -3.28 12868.58
    162.00   230.15   194.60     0.98    10.65    -1.88 13113.17
    155.00   229.05   194.05     1.01     9.96    -2.28 13410.24
    150.00   229.45   193.45     0.88     9.45    -2.53 13630.00
    146.00   229.80   193.45     0.85     8.71    -3.17 13811.43
    141.00   230.26   193.45     0.81    10.44    -2.80 14045.34
    139.00   230.45   193.45     0.79     8.18    -2.70 14141.24
    135.00   229.82   193.27     0.82     3.73    -1.74 14336.47
    129.00   228.85   192.99     0.87    10.27    -4.79 14640.44
    125.00   228.17   192.80     0.91     5.91    -4.14 14851.05
    123.00   227.83   192.70     0.93     4.46    -2.57 14958.90
    122.00   227.65   192.65     0.94     4.97    -1.33 15013.48
    121.00   227.91   192.75     0.93     5.66    -0.00 15068.37
    118.00   228.71   193.05     0.89     7.46    -2.00 15235.79
    116.00   229.25   193.25     0.87     6.70    -0.37 15349.79
    113.00   229.00   193.18     0.88     4.97     1.33 15524.60
    109.00   228.66   193.08     0.90     9.45    -2.53 15765.05
    106.00   228.40   193.01     0.92     8.21    -0.72 15951.25
    104.00   228.22   192.96     0.93     9.68    -3.52 16078.33
    100.00   227.85   192.85     0.95     5.47    -1.46 16340.00
     70.00   226.65   191.65     0.89     6.24     3.60 18720.00
     50.00   227.85   191.85     0.81    -0.13    -0.49 20950.00
     30.00   229.05   191.05     0.62    -5.13    -2.39 24360.00
     20.00   231.25   192.25     0.60    -8.22     2.99 27090.00
     10.00   237.85   194.85     0.46   -10.26     0.90 31860.00
