
 SNPARM = PRES;TMPK;DWPK;RELH;UWND;VWND;HGHT                                    

 STID =               STNM =     3005    TIME = 200102/1200         
 SLAT =  60.13     SLON =    -1.18   SELV =    84.0
 STIM =  1100

      PRES     TMPK     DWPK     RELH     UWND     VWND     HGHT
    983.00   281.55   280.05    90.27    12.23    10.26    84.00
   1000.00 -9999.00 -9999.00 -9999.00 -9999.00 -9999.00   -58.00
    981.00   281.55   278.95    83.68     5.91     8.44   100.84
    979.00   281.55   278.95    83.68     7.97    11.38   117.70
    977.00   281.45   278.87    83.78    10.04    14.34   134.56
    968.00   281.01   278.51    84.21    10.55    18.28   210.83
    947.00   279.95   277.65    85.26    18.04    19.97   391.58
    942.00   280.52   277.44    80.77    20.02    20.02   435.14
    940.00   280.75   277.35    79.04    20.10    19.64   452.63
    927.00   280.06   277.44    83.38    20.51    17.21   567.23
    925.00   279.95   277.45    84.08    20.51    17.21   585.00
    902.00   278.55   277.25    91.32    24.36    17.43   791.67
    899.00   278.47   276.97    90.08    24.88    17.42   818.90
    879.00   277.92   275.12    82.05    23.63    13.64  1002.79
    873.00   277.75   274.55    79.72    23.44    13.53  1058.77
    850.00   276.15   273.95    85.45    22.73    13.12  1276.00
    823.00   273.95   272.95    93.02    20.98    13.90  1536.69
    812.00   273.33   272.71    95.59    20.24    14.17  1644.65
    800.00   272.65   272.45    98.55    20.55    14.39  1764.12
    794.00   272.45   271.65    94.31    20.71    14.50  1824.35
    749.00   269.94   269.32    95.47    21.93    15.35  2288.50
    744.00   269.65   269.05    95.61    22.61    14.70  2341.79
    739.00   269.05   268.95    99.25    23.29    14.01  2395.09
    736.00   268.85   267.85    92.73    23.68    13.59  2427.19
    725.00   268.05   266.95    91.97    25.07    11.91  2545.79
    724.00   267.90   266.90    92.67    25.20    11.75  2556.63
    721.00   267.45   266.75    94.80    26.03    12.66  2589.25
    708.00   267.10   266.32    94.16    29.43    16.99  2731.90
    706.00   267.05   266.25    94.06    29.54    17.05  2754.08
    701.00   267.45   266.75    94.80    29.81    17.21  2809.80
    700.00   267.45   266.75    94.80    29.87    17.24  2821.00
    686.00   266.99   266.63    97.34    29.10    20.37  2978.99
    676.00   266.65   266.55    99.24    25.96    22.45  3093.82
    669.00   266.14   265.97    98.71    23.66    23.66  3174.63
    636.00   263.65   263.15    96.14    26.72    22.54  3567.33
    635.00   263.59   263.05    95.84    26.82    22.50  3579.44
    612.00   262.22   260.76    89.00    29.52    20.67  3863.15
    606.00   261.85   260.15    87.23    30.93    21.66  3938.92
    589.00   260.97   259.34    87.66    35.00    24.51  4156.45
    583.00   260.65   259.05    87.82    32.90    23.04  4234.72
    577.00   260.13   258.69    88.89    30.78    21.55  4313.01
    565.00   259.09   257.96    91.12    32.73    27.47  4472.06
    555.00   258.20   257.33    93.10    30.76    25.81  4607.21
    538.00   256.65   256.25    96.71    35.30    25.79  4842.64
    533.00   256.30   255.70    95.06    36.69    25.69  4912.58
    521.00   255.45   254.35    91.09    33.88    28.16  5083.15
    513.00   255.05   254.55    95.84    31.87    29.68  5198.70
    508.00   254.93   253.86    91.36    30.58    30.58  5271.74
    505.00   254.85   253.45    88.73    29.49    29.49  5315.91
    500.00   254.25   252.65    87.16    27.66    27.66  5390.00
    499.00   254.14   252.53    87.11    27.66    27.66  5404.77
    472.00   251.03   249.30    85.80    29.85    29.85  5815.31
    462.00   249.83   248.05    85.28    29.78    35.49  5973.35
    440.00   247.10   245.21    84.08    33.49    33.49  6333.43
    438.00   246.85   244.95    83.96    33.20    33.62  6367.06
    427.00   245.45   243.95    86.97    31.58    34.31  6551.44
    413.00   243.65   241.85    84.32    29.45    35.10  6791.51
    409.00   242.85   240.45    79.47    29.75    35.46  6861.22
    400.00   241.85   239.65    80.86    30.44    36.28  7020.00
    399.00   241.65   239.45    80.83    30.41    36.24  7037.65
    394.00   240.85   238.95    83.12    30.24    36.03  7126.41
    381.00   238.85   236.26    77.33    29.78    35.49  7360.00
    366.00   236.45   233.05    70.62    33.09    39.44  7639.64
    362.00   235.85   232.85    73.49    33.21    38.42  7715.34
    348.00   233.25   229.45    66.90    33.47    34.80  7985.19
    343.00   232.44   229.13    70.33    33.49    33.49  8083.06
    331.00   230.45   228.35    79.74    35.31    35.31  8323.90
    326.00   229.85   228.45    85.95    39.80    35.70  8426.08
    323.00   229.65   228.05    84.07    42.59    35.74  8488.04
    320.00   229.45   226.05    68.88    42.16    36.54  8550.52
    314.00   228.65   225.75    72.63    41.23    38.15  8676.97
    312.00   228.45   224.95    67.85    40.90    38.69  8719.57
    307.00   227.85   225.45    76.64    40.04    40.04  8827.08
    304.00   227.45   224.55    72.35    39.89    39.89  8892.28
    303.00   227.25   224.85    76.51    39.83    39.83  8914.13
    300.00   226.65   224.45    78.14    39.68    39.68  8980.00
    299.00   226.45   224.35    78.99    39.69    39.69  9002.29
    297.00   226.05   223.15    72.01    39.72    39.72  9047.04
    291.00   224.85   223.05    81.45    39.80    39.80  9182.63
    282.00   223.25   219.85    67.21    39.92    39.92  9390.05
    269.00   220.45   217.75    72.35    40.11    40.11  9698.59
    263.00   219.25   215.95    66.90    40.20    40.20  9844.73
    250.00   216.25   213.15    67.74    40.40    40.40 10170.00
    249.00   215.85   212.85    68.50    40.45    40.45 10195.30
    245.00   214.85   210.75    59.10    40.64    40.64 10297.22
    241.00   213.85   209.25    54.98    40.82    40.82 10400.33
    224.00   209.85   205.55    55.78    41.66    41.66 10853.17
    206.00   206.25   201.85    53.66    42.62    42.62 11362.46
    200.00   204.85   199.85    48.60    42.96    42.96 11540.00
    199.00   204.65   199.65    48.52    42.41    43.32 11570.09
    192.00   203.39   198.39    48.01    38.39    45.75 11783.86
    188.00   202.65   197.65    47.70    42.96    42.96 11909.54
    184.00   202.25   197.35    48.27    47.33    39.71 12037.17
    178.00   202.55   198.47    54.81    46.39    32.48 12233.92
    176.00   202.65   198.85    57.20    44.87    31.42 12300.98
    172.00   203.05   198.55    51.63    41.78    29.26 12437.68
    170.00   204.65   197.65    35.90    40.21    28.16 12507.57
    164.00   204.65   192.65    16.36    35.38    24.77 12723.13
    162.00   204.82   192.54    15.71    33.73    23.62 12796.95
    152.00   205.67   191.97    12.70    37.11    25.98 13180.31
    150.00   205.85   191.85    12.15    38.79    22.39 13260.00
    145.00   207.05   191.05     9.03    37.92    15.15 13464.10
    141.00   207.63   190.96     8.22    36.30     9.73 13634.06
    128.00   209.65   190.65     5.96    28.11     9.13 14221.76
    120.00   209.39   189.73     5.29    22.74     8.28 14615.94
    116.00   209.25   189.25     4.97    24.00     7.86 14823.01
    100.00   205.25   186.25     5.12    29.41     5.19 15720.00
     80.50   202.05   185.05     6.52    30.47    11.09 17018.87
     70.00   202.45   183.45     4.61    36.41     3.19 17850.00
     50.00   203.25   180.25     2.27    36.93    -3.23 19830.00
     30.00   193.85   177.85     5.91    34.98    -6.17 22820.00
     23.50 -9999.00 -9999.00 -9999.00    44.79    -0.00 -9999.00
