
 SNPARM = PRES;TMPK;DWPK;RELH;UWND;VWND;HGHT                                    

 STID = PAOM          STNM =    70200    TIME = 200102/1200         
 SLAT =  64.50     SLON =  -165.43   SELV =     7.0
 STIM =  1200

      PRES     TMPK     DWPK     RELH     UWND     VWND     HGHT
   1006.00   257.65   254.35    75.79     0.54    -6.16     7.00
   1000.00   257.65   253.15    68.39     0.49    -5.64    56.00
    998.00   257.45   252.55    66.02     0.49    -5.98    71.14
    978.00   257.25   252.25    65.40     0.27    -9.48   224.11
    967.57   257.05   252.25    66.47    -0.00   -11.33   305.00
    936.00   256.45   252.25    69.91    -0.51    -7.09   555.15
    929.19   255.83   252.00    72.06    -0.54    -6.16   610.00
    925.00   255.45   251.85    73.44    -0.49    -5.64   644.00
    913.00   255.05   252.05    77.30    -2.18    -5.62   741.35
    905.00   255.85   252.05    72.25    -3.34    -5.32   807.02
    892.07   255.21   252.05    76.28    -5.12    -4.30   914.00
    856.20   253.37   252.05    89.18    -5.79    -3.34  1219.00
    850.00   253.05   252.05    91.70    -5.12    -4.30  1273.00
    825.00   251.85   251.85   100.00    -4.13    -4.05  1493.68
    821.62   251.85   251.83    99.85    -4.00    -4.00  1524.00
    806.00   251.85   251.75    99.13    -6.32    -5.37  1665.51
    788.35   252.06   251.72    97.06    -9.28    -6.50  1829.00
    756.45   252.44   251.65    93.33   -14.26    -8.23  2134.00
    756.00   252.45   251.65    93.28   -14.23    -8.32  2138.37
    750.00   252.85   251.65    90.10   -13.80    -9.38  2197.33
    747.00   254.05   252.45    87.14   -13.55    -9.91  2227.07
    745.00   255.65   253.45    82.93   -13.37   -10.26  2247.08
    743.00   255.85   253.65    82.96   -13.19   -10.61  2267.22
    726.31   257.33   255.04    82.51   -11.25   -13.41  2438.00
    725.00   257.45   255.15    82.48   -11.25   -13.41  2451.56
    711.00   260.05   257.45    80.80   -11.25   -13.41  2599.35
    700.00   259.45   256.75    80.04   -11.25   -13.41  2718.00
    697.70   259.35   256.67    80.20   -11.25   -13.41  2743.00
    656.00   257.45   255.25    83.18   -12.05    -9.21  3210.88
    617.38   253.85   251.62    82.48   -11.66    -5.44  3658.00
    592.44   251.40   249.15    81.99   -11.44    -3.06  3962.00
    568.42   248.94   246.68    81.48   -12.09    -4.40  4267.00
    527.00   244.45   242.15    80.51   -11.28    -5.16  4824.57
    523.14   244.09   241.76    80.23   -11.20    -5.22  4877.00
    500.00   241.85   239.35    78.53   -10.25    -5.92  5200.00
    499.00   241.85   239.45    79.30   -10.11    -6.01  5214.12
    494.00   241.45   237.85    70.38    -9.39    -6.44  5285.07
    480.00   239.49   236.98    78.07    -7.28    -7.28  5486.00
    470.00   238.05   236.35    84.38    -7.67    -7.06  5633.19
    442.00   234.45   231.15    70.89    -8.76    -6.28  6056.24
    439.42   234.10   230.92    71.68    -8.86    -6.20  6096.00
    416.00   230.85   228.75    79.81    -8.86    -6.20  6467.41
    413.00   230.45   227.55    73.05    -8.86    -6.20  6516.07
    401.44   228.67   226.66    80.19    -8.86    -6.20  6706.00
    400.00   228.45   226.55    81.15    -8.86    -6.20  6730.00
    389.00   227.05   225.85    87.52    -9.47    -5.21  6915.93
    362.00   222.65   218.75    63.14   -10.54    -2.41  7389.46
    358.00   221.85   218.95    70.97   -10.63    -1.95  7461.75
    353.00   221.25   219.15    77.97   -10.72    -1.37  7552.97
    349.36   220.70   218.15    73.70   -10.77    -0.94  7620.00
    349.00   220.65   218.05    73.28   -10.79    -0.88  7626.69
    346.00   220.25   215.65    57.22   -10.91    -0.37  7682.40
    333.10   218.29   213.59    55.88   -11.16     1.97  7925.00
    319.00   216.05   211.25    54.33   -10.24     1.81  8201.27
    317.56   216.13   211.31    54.21   -10.14     1.79  8230.00
    312.00   216.45   211.55    53.77    -9.32     0.73  8341.74
    302.67   216.11   210.28    47.48    -7.69    -0.67  8534.00
    301.00   216.05   210.05    46.41    -5.52    -6.28  8568.96
    300.00   215.85   209.85    46.33    -2.26    -8.45  8590.00
    291.00   214.45   209.85    55.19    -5.40    -9.36  8782.85
    288.43   214.79   208.63    44.95    -1.52    -8.62  8839.00
    279.00   216.05   204.05    20.43    -7.65    -7.75  9049.60
    274.92   218.22   197.41     5.90   -10.25    -5.92  9144.00
    273.00   219.25   194.25     3.18    -9.34    -7.15  9188.84
    272.00   219.25   195.25     3.73    -8.81    -7.74  9212.52
    267.00   218.85   197.85     5.85    -5.60   -10.07  9332.12
    262.23   220.32   197.22     4.45    -1.97   -11.16  9449.00
    258.00   221.65   196.65     3.49    -1.14    -9.86  9554.36
    250.00   222.05   195.05     2.60    -0.00    -7.21  9760.00
    248.00   222.25   195.25     2.62     0.11    -7.30  9812.07
    242.00   221.45   194.45     2.53     0.47    -7.56  9970.61
    238.77   222.22   194.26     2.25     0.67    -7.69 10058.00
    232.00   223.85   193.85     1.75     1.49    -7.57 10244.77
    227.83   223.35   193.35     1.71     2.00    -7.46 10363.00
    227.00   223.25   193.25     1.70     2.04    -7.40 10386.89
    219.00   225.25   192.25     1.15     2.40    -6.88 10621.65
    217.47   225.36   192.28     1.14     2.47    -6.78 10668.00
    200.00   226.65   192.65     1.05     3.92    -8.40 11220.00
    198.26   226.53   192.53     1.04     6.44   -11.15 11278.00
    194.00   226.25   192.25     1.03     4.82   -11.41 11421.69
    189.38   227.52   192.61     0.95     3.06   -11.44 11582.00
    184.00   229.05   193.05     0.86     3.48    -8.91 11773.98
    180.93   229.25   192.92     0.83     3.48    -7.47 11887.00
    175.00   229.65   192.65     0.76     6.17    -8.50 12110.31
    172.88   229.48   192.48     0.75     7.28    -8.68 12192.00
    170.00   229.25   192.25     0.74     7.63    -8.89 12304.80
    163.00   232.05   194.05     0.73     8.51    -9.39 12588.39
    156.00   230.45   193.45     0.79     9.46    -9.87 12885.21
    151.00   231.25   193.25     0.70    10.19   -10.19 13105.11
    150.98   231.24   193.24     0.70    10.19   -10.19 13106.00
    150.00   230.85   192.85     0.69     9.26   -11.04 13150.00
    145.00   229.25   192.25     0.74     7.48   -12.32 13378.32
    144.30   229.45   192.28     0.73     7.21   -12.48 13411.00
    137.00   231.65   192.65     0.61     8.68   -11.25 13761.21
    126.00   229.64   191.55     0.63    10.65    -8.93 14326.00
    125.00   229.45   191.45     0.64    10.29    -9.48 14379.92
    120.43   229.53   191.53     0.64     8.27   -11.80 14630.00
    115.09   229.63   191.63     0.64    11.44    -3.06 14935.00
    114.00   229.65   191.65     0.64    12.25    -3.77 14998.95
    110.00   231.25   192.25     0.60    14.93    -6.96 15239.93
    110.00   231.25   192.25     0.60    14.93    -6.96 15240.00
    106.00   229.25   191.25     0.63    14.02    -9.02 15489.61
    100.00   228.45   190.45     0.60    12.01   -12.01 15880.00
     95.98   228.22   190.33     0.60    12.01   -12.01 16154.00
     70.00   226.45   189.45     0.63    14.70     2.59 18260.00
     50.00   230.85   190.85     0.50    22.06     1.93 20510.00
     30.00   230.85   189.85     0.42    27.88     4.92 23940.00
     20.00   230.65   190.65     0.49    30.33     8.13 26670.00
     10.00   236.05   194.05     0.49    31.40    -0.00 31410.00
      7.70 -9999.00 -9999.00 -9999.00    39.49     3.45 -9999.00
