
 SNPARM = PRES;TMPK;DWPK;RELH;UWND;VWND;HGHT                                    

 STID =               STNM =     3882    TIME = 200705/0000         
 SLAT =  50.90     SLON =     0.31   SELV =     0.0
 STIM =  2300

      PRES     TMPK     DWPK     RELH     UWND     VWND     HGHT
   1007.00   288.75   287.65    93.16     5.79     3.34     0.00
   1004.00   288.49   287.35    92.89     7.25     2.64    46.62
   1000.00   288.15   286.95    92.53     9.68     3.52   109.00
    999.00   288.15   286.95    92.53    10.78     3.92   117.50
    993.00   287.69   286.88    94.93    17.41     6.34   168.56
    981.00   286.75   286.75   100.00    18.31     6.66   271.61
    942.00   284.71   284.71   100.00    21.28     7.75   613.20
    939.00   284.55   284.55   100.00    20.89     7.24   640.06
    935.00   284.75   284.55    98.69    20.34     6.59   675.87
    932.00   287.75   284.95    83.29    19.92     6.12   702.99
    930.00   287.75   285.25    84.95    19.63     5.81   721.21
    925.00   288.55   285.25    80.69    18.89     5.06   767.00
    922.00   289.35   285.05    75.66    18.64     4.26   794.64
    918.00   289.45   285.05    75.18    18.25     3.22   831.70
    914.00   289.55   285.05    74.70    18.81     2.57   868.91
    909.00   289.55   284.70    72.97    19.49     1.70   915.67
    893.00   289.55   283.55    67.62    20.28     2.54  1067.05
    872.00   288.50   283.40    71.58    21.29     3.75  1269.38
    865.00   288.15   283.35    72.98    20.97     3.70  1337.91
    850.00   286.95   283.75    81.01    20.28     3.58  1486.00
    848.00   286.75   283.45    80.44    20.16     3.43  1505.90
    843.00   287.15   282.35    72.80    19.85     3.06  1555.86
    823.00   287.55   279.55    58.62    18.53     1.68  1758.88
    822.00   287.49   279.55    58.86    18.46     1.61  1769.15
    810.00   286.74   279.55    61.79    20.00    -1.75  1893.32
    807.00   286.55   279.55    62.55    20.19    -1.77  1924.65
    800.00   286.75   278.75    58.42    20.61    -1.80  1998.10
    785.00   285.95   278.75    61.55    21.54    -1.88  2157.18
    763.00   284.75   278.75    66.61    18.55    -0.55  2396.10
    752.00   284.46   277.73    63.24    16.99    -0.00  2517.63
    748.00   284.35   277.35    62.04    17.44    -1.52  2562.26
    744.00   284.83   277.03    58.77    17.75    -3.13  2607.14
    743.00   284.95   276.95    57.97    17.75    -3.17  2618.40
    708.00   281.39   275.90    68.31    17.90    -4.80  3019.53
    700.00   280.55   275.65    71.06    19.40    -5.20  3114.00
    687.00   279.35   275.25    75.00    21.45    -5.75  3268.48
    683.00   279.15   274.65    72.85    22.09    -5.92  3316.47
    678.00   279.35   273.35    65.43    22.89    -6.13  3376.85
    675.00   279.16   272.93    64.27    23.38    -6.26  3413.18
    653.00   277.75   269.75    56.11    23.57    -5.48  3684.64
    650.00   277.55   272.55    69.96    23.60    -5.37  3722.24
    646.00   277.35   270.35    60.34    23.63    -5.22  3772.61
    631.00   275.95   270.95    69.63    23.75    -4.66  3963.75
    619.00   275.00   269.53    67.01    23.83    -4.20  4118.98
    606.00   273.95   267.95    64.18    23.71    -4.86  4290.57
    597.00   273.05   268.05    69.02    23.61    -5.32  4410.88
    589.00   272.45   267.45    68.89    23.51    -5.74  4519.04
    579.00   272.45   265.45    59.09    23.38    -6.26  4656.16
    577.00   272.05   265.05    58.99    23.65    -5.76  4683.84
    573.00   271.85   262.85    50.38    24.15    -4.71  4739.42
    569.00   271.45   266.45    68.68    24.62    -3.62  4795.33
    567.00   271.65   264.65    58.88    24.83    -3.06  4823.43
    564.00   271.65   263.65    54.45    25.13    -2.20  4865.77
    552.00   270.65   260.65    46.17    25.00    -2.58  5037.06
    549.00   270.65   259.65    42.58    24.97    -2.68  5080.37
    547.00   270.85   256.85    33.31    24.95    -2.74  5109.38
    541.00   271.25   252.25    21.87    24.88    -2.93  5197.12
    539.00   271.45   242.45     8.85    24.85    -3.00  5226.60
    517.00   269.25   235.25     5.13    24.57    -3.72  5557.00
    507.00   268.05   241.05     9.97    24.44    -4.06  5710.88
    506.00   267.85   244.85    14.51    24.42    -4.09  5726.40
    502.00   267.45   238.45     8.10    24.36    -4.22  5788.70
    500.00   267.25   239.25     8.90    24.33    -4.29  5820.00
    498.00   266.85   240.85    10.72    24.33    -4.29  5851.34
    493.00   266.05   252.05    31.80    24.33    -4.29  5930.10
    491.00   265.85   248.85    24.35    24.33    -4.29  5961.78
    487.00   265.45   246.45    20.21    24.33    -4.29  6025.43
    484.00   265.05   240.05    11.40    24.33    -4.29  6073.44
    476.00   263.85   244.85    19.75    24.33    -4.29  6202.52
    473.00   263.37   243.48    18.04    24.33    -4.29  6251.23
    466.00   262.25   240.25    14.48    24.52    -5.02  6366.10
    463.00   262.05   234.05     7.92    24.60    -5.34  6415.68
    451.00   260.32   235.96    11.05    24.86    -6.66  6615.72
    437.00   258.25   238.25    16.45    26.21    -5.42  6855.94
    433.00   257.85   236.85    14.79    26.59    -5.04  6925.42
    429.00   257.65   233.65    10.86    26.97    -4.63  6995.47
    410.00   255.45   229.51     8.43    28.72    -2.51  7334.95
    400.00   254.25   227.25     7.30    28.20    -2.47  7520.00
    397.00   253.85   224.85     5.78    28.01    -2.62  7575.79
    392.00   253.25   229.25     9.89    27.69    -2.87  7669.53
    390.00   253.25   232.25    13.61    27.56    -2.97  7707.31
    388.00   252.85   239.85    30.36    27.43    -3.06  7745.27
    387.00   252.85   233.85    16.64    27.37    -3.11  7764.31
    385.00   252.65   235.65    20.35    27.24    -3.21  7802.51
    384.00   252.65   233.65    16.58    27.17    -3.26  7821.68
    380.00   252.05   239.05    30.09    26.90    -3.45  7898.77
    377.00   251.45   235.45    22.13    26.70    -3.59  7956.99
    376.00   251.45   231.45    14.62    26.63    -3.64  7976.47
    373.00   251.05   228.05    10.51    26.42    -3.78  8035.18
    372.00   250.65   227.65    10.42    26.35    -3.83  8054.82
    371.00   250.65   229.65    12.95    26.28    -3.88  8074.50
    370.00   250.45   239.45    36.00    26.21    -3.92  8094.23
    369.00   250.45   239.45    36.00    26.14    -3.97  8114.01
    366.00   249.85   238.85    35.79    25.93    -4.11  8173.59
    358.00   248.38   238.61    39.83    25.35    -4.47  8333.92
    353.00   247.45   238.45    42.68    25.86    -4.89  8435.96
    347.00   246.25   236.25    38.23    26.48    -5.42  8559.42
    346.00   246.05   234.05    31.12    26.58    -5.51  8580.15
    345.00   246.05   234.05    31.12    26.69    -5.60  8600.93
    342.00   245.65   229.65    20.32    26.99    -5.88  8663.56
    340.00   245.65   218.65     5.81    27.20    -6.07  8705.59
    333.00   244.65   222.65    10.22    27.92    -6.77  8854.34
    326.00   243.65   218.65     7.00    28.64    -7.51  9005.64
    324.00   243.26   218.41     7.05    28.84    -7.73  9048.90
    300.00   238.45   215.45     7.80    28.84    -7.73  9590.00
    279.00   233.92   213.54     9.68    28.39    -5.01 10093.46
    276.00   233.25   213.25    10.01    28.78    -4.82 10168.46
    250.00   228.25   209.25    10.11    32.31    -2.83 10840.00
    248.00   227.94   208.51     9.46    32.31    -2.83 10893.28
    241.00   226.85   205.85     7.42    33.52    -6.10 11083.20
    235.00   225.54   206.92     9.95    34.31    -9.19 11249.11
    231.00   224.65   207.65    12.16    34.13    -8.81 11362.09
    228.00   224.05   209.05    15.71    33.99    -8.51 11447.58
    204.00   218.05   205.05    18.40    32.70    -6.13 12164.30
    200.00   217.45   201.45    11.84    32.45    -5.72 12290.00
    198.00   217.45   199.45     8.82    32.35    -5.70 12354.12
    183.00   213.85   199.85    14.64    31.57    -5.57 12852.55
    163.00   207.54   198.24    26.32    30.42    -5.36 13562.73
    154.00   204.45   197.45    35.81    26.36    -4.65 13911.25
    153.00   204.45   197.45    35.81    24.82    -3.83 13950.32
    151.00   206.05   197.05    26.95    21.64    -2.37 14029.56
    150.00   208.85   197.85    20.80    20.00    -1.75 14070.00
    149.00   209.35   197.35    18.04    20.00    -1.75 14110.99
    148.00   209.85   196.85    15.62    20.29    -1.78 14152.25
    143.00   208.65   196.65    17.78    21.76    -1.90 14362.76
    142.00   209.04   195.66    14.47    22.06    -1.93 14405.82
    138.00   210.65   191.65     6.15    16.99    -0.00 14581.17
    134.00   211.18   190.86     5.04    10.73     5.00 14763.74
    132.00   211.44   190.46     4.56    10.12     7.09 14857.07
    127.00   212.14   189.42     3.50    16.93     6.16 15096.75
    125.00   212.42   189.00     3.14    17.23     3.04 15195.28
    119.00   213.30   187.68     2.24    14.42     3.86 15500.60
    118.00   213.45   187.45     2.11    14.33     4.74 15552.98
    116.00   213.57   187.47     2.09    13.99     6.53 15660.08
    109.00   214.03   187.55     2.00    15.21     2.68 16050.06
    100.00   214.65   187.65     1.88    14.19     2.50 16590.00
     70.00   218.05   189.05     1.57     9.27    -0.00 18850.00
     50.00   220.45   190.45     1.49    -0.35     0.97 21010.00
     30.00   225.25   192.25     1.15   -11.84     0.00 24340.00
     20.00   229.25   194.25     1.02   -11.29    -0.99 27040.00
