
 SNPARM = PRES;TMPK;DWPK;RELH;UWND;VWND;HGHT                                    

 STID =               STNM =     3918    TIME = 200707/0000         
 SLAT =  54.50     SLON =    -6.34   SELV =    18.0
 STIM =  2300

      PRES     TMPK     DWPK     RELH     UWND     VWND     HGHT
   1021.00   284.15   281.75    85.13     0.77     1.33    18.00
   1000.00   283.35   281.15    86.21     5.13     0.45   188.00
    999.00   283.30   281.15    86.50     5.66    -0.00   196.33
    996.00   283.15   281.15    87.37     6.07    -0.43   221.38
    988.00   283.04   280.30    83.04     6.96    -1.87   288.47
    981.00   282.95   279.55    79.37     6.39    -2.01   347.63
    974.00   282.49   279.34    80.70     5.81    -2.11   406.96
    952.00   281.02   278.68    85.16     6.59    -1.16   596.25
    951.00   280.95   278.65    85.37     6.63    -1.15   604.96
    926.00   279.15   276.75    84.58     7.65    -0.69   824.14
    925.00   279.15   276.55    83.39     7.69    -0.67   833.00
    904.00   277.81   273.40    73.06     8.62    -1.52  1021.09
    903.00   277.75   273.25    72.59     8.57    -1.51  1030.16
    885.00   276.55   274.55    86.73     7.65    -1.35  1194.28
    884.00   276.48   274.15    84.68     7.60    -1.34  1203.47
    882.00   276.35   273.35    80.68     7.57    -1.00  1221.89
    878.00   275.95   273.45    83.60     7.46    -0.33  1258.80
    873.00   275.75   273.45    84.79     7.24     0.47  1305.13
    872.00   275.69   273.24    83.88     7.18     0.63  1314.42
    863.00   275.15   271.35    75.92     6.88     1.15  1398.45
    852.00   274.23   272.36    87.29     6.46     1.73  1502.04
    851.00   274.15   272.45    88.41     6.46     1.73  1511.52
    850.00   274.15   272.45    88.41     6.46     1.73  1521.00
    836.00   273.35   271.05    84.52     5.58     0.99  1654.43
    822.00   272.35   270.92    89.98     4.61     0.40  1789.53
    815.00   271.85   270.85    92.90     5.80     0.51  1857.94
    801.00   271.38   268.29    79.39     8.21     0.72  1995.98
    797.00   271.25   267.55    75.81     9.26    -0.16  2035.87
    795.00   271.25   266.25    68.64     9.75    -0.68  2055.86
    792.00   271.45   264.45    58.83    10.44    -1.56  2085.94
    791.00   271.55   264.05    56.60    10.65    -1.88  2096.00
    790.00   271.65   263.65    54.45    10.70    -1.86  2106.07
    789.00   271.65   265.65    63.63    10.75    -1.85  2116.16
    788.00   271.65   267.65    74.17    10.79    -1.84  2126.26
    781.00   272.25   266.25    63.78    11.14    -1.74  2197.43
    777.00   272.25   264.25    54.62    11.35    -1.68  2238.43
    772.00   271.85   264.85    58.94    11.60    -1.59  2289.92
    765.00   271.45   263.45    54.40    11.95    -1.47  2362.47
    761.00   271.45   264.45    58.83    12.16    -1.39  2404.20
    757.00   271.45   261.45    46.41    12.36    -1.31  2446.14
    754.00   271.25   262.25    50.20    12.51    -1.25  2477.72
    748.00   270.97   261.97    50.12    12.82    -1.12  2541.18
    741.00   270.65   261.65    50.03    13.47     0.19  2615.86
    737.00   270.25   263.25    58.52    13.78     1.00  2658.77
    736.00   270.24   263.12    57.98    13.85     1.21  2669.52
    720.00   270.05   261.05    49.85    13.89    -0.38  2843.59
    719.00   269.85   258.85    42.33    13.89    -0.48  2854.59
    713.00   269.45   258.45    42.21    13.86    -1.09  2920.81
    708.00   269.25   256.25    35.69    13.81    -1.60  2976.35
    704.00   269.25   256.25    35.69    13.75    -2.01  3021.05
    700.00   269.25   253.25    27.67    13.69    -2.41  3066.00
    698.00   269.25   252.25    25.37    13.69    -2.41  3088.53
    696.00   269.25   254.25    30.14    13.77    -2.20  3111.12
    695.00   269.25   255.25    32.81    13.82    -2.09  3122.44
    693.00   269.45   254.45    30.20    13.90    -1.87  3145.15
    692.00   269.45   253.45    27.73    13.93    -1.75  3156.52
    690.00   269.25   255.25    32.81    14.01    -1.53  3179.32
    688.00   269.05   261.05    53.72    14.08    -1.30  3202.18
    685.00   268.85   259.85    49.50    14.18    -0.95  3236.57
    683.00   268.85   259.85    49.50    14.24    -0.72  3259.57
    679.00   268.85   263.85    68.11    14.36    -0.24  3305.78
    677.00   268.65   263.15    65.44    14.41    -0.00  3328.98
    675.00   268.45   262.45    62.85    14.29    -0.22  3352.24
    671.00   268.05   264.65    77.02    14.05    -0.67  3398.91
    662.00   267.25   265.05    84.43    13.44    -1.61  3504.73
    660.00   267.05   264.55    82.46    13.29    -1.81  3528.40
    652.00   266.85   263.75    78.65    12.68    -2.57  3623.70
    651.00   266.85   263.35    76.21    12.60    -2.66  3635.69
    649.00   267.05   259.05    53.15    12.44    -2.84  3659.73
    644.00   266.65   258.65    53.03    12.02    -3.27  3720.11
    642.00   266.65   258.65    53.03    11.84    -3.44  3744.38
    640.00   266.65   255.65    41.33    11.67    -3.60  3768.72
    639.00   266.65   256.65    44.94    11.58    -3.67  3780.92
    636.00   266.65   257.65    48.84    11.31    -3.90  3817.62
    634.00   266.65   256.65    44.96    11.13    -4.05  3842.19
    630.00   266.65   254.65    37.97    12.18    -4.10  3891.56
    628.00   266.65   255.65    41.33    12.71    -4.10  3916.36
    623.00   266.25   260.25    62.30    14.06    -4.06  3978.67
    619.00   265.85   260.85    67.44    15.15    -3.97  4028.82
    617.00   266.05   263.15    79.77    15.70    -3.91  4054.01
    606.00   265.32   264.12    91.09    18.76    -3.31  4193.83
    599.00   264.85   264.75    99.22    17.51    -3.94  4284.12
    593.00   264.65   263.35    90.32    16.41    -4.40  4362.17
    589.00   265.25   260.25    67.30    16.58    -5.27  4414.66
    587.00   265.45   259.45    62.10    16.65    -5.72  4441.07
    578.00   264.78   258.22    59.15    16.79    -7.83  4560.81
    571.00   264.25   257.25    56.89    18.54    -7.68  4655.23
    564.00   264.00   252.56    38.98    20.32    -7.39  4750.50
    560.00   263.85   249.85    31.10    20.09    -7.98  4805.47
    554.00   263.25   247.25    25.81    19.73    -8.85  4888.48
    553.00   263.05   248.05    28.19    19.66    -8.99  4902.38
    552.00   262.98   249.65    32.70    19.59    -9.14  4916.30
    550.00   262.85   252.85    43.75    19.81    -8.41  4944.21
    547.00   262.45   254.45    51.80    20.07    -7.32  4986.23
    542.00   261.79   255.65    60.45    20.39    -5.46  5056.52
    535.00   260.85   257.35    75.12    21.77    -6.19  5156.03
    531.00   260.45   258.85    87.80    22.56    -6.63  5213.27
    523.00   259.25   259.15    99.19    24.14    -7.56  5328.72
    518.00   258.65   258.65   100.00    25.12    -8.18  5401.52
    516.00   259.65   258.15    88.44    25.51    -8.43  5430.85
    514.00   259.85   257.45    82.13    25.91    -8.69  5460.37
    504.00   259.05   256.95    84.09    27.86   -10.07  5609.53
    503.00   259.35   256.70    80.37    28.06   -10.21  5624.60
    502.00   259.65   256.45    76.80    28.06   -10.21  5639.71
    500.00   259.05   256.55    81.33    28.06   -10.21  5670.00
    494.00   258.65   255.65    77.93    28.38   -10.33  5761.55
    491.00   258.23   255.59    80.24    28.54   -10.39  5807.59
    484.00   257.25   255.45    86.01    27.92   -11.38  5916.10
    483.00   257.05   255.15    85.26    27.83   -11.52  5931.68
    475.00   256.57   253.31    75.87    27.06   -12.62  6057.30
    473.00   256.45   252.85    73.64    27.09   -12.16  6089.03
    463.00   255.45   252.55    78.04    27.09    -9.86  6249.22
    450.00   253.85   252.75    90.97    30.06   -10.94  6461.65
    445.00   253.65   251.85    85.59    31.23   -11.37  6544.70
    444.00   253.85   250.35    73.76    31.47   -11.45  6561.41
    440.00   253.85   249.05    65.71    32.41   -11.80  6628.69
    436.00   253.45   248.45    64.45    32.75   -11.92  6696.52
    428.00   252.25   247.25    64.14    33.45   -12.17  6833.64
    425.00   251.85   248.35    73.35    33.71   -12.27  6885.55
    420.00   251.25   248.15    75.92    34.16   -12.43  6972.73
    414.00   250.65   246.75    70.49    34.70   -12.63  7078.46
    402.00   249.05   246.65    80.50    35.80   -13.03  7293.64
    400.00   248.85   246.25    79.01    35.80   -13.03  7330.00
    396.00   248.45   245.45    76.08    36.10   -13.01  7403.44
    390.00   247.65   245.35    81.02    36.54   -12.98  7514.73
    387.00   247.05   243.85    74.40    36.77   -12.97  7570.85
    385.00   246.65   243.75    76.45    36.92   -12.95  7608.44
    380.00   246.25   242.45    70.14    37.30   -12.92  7703.10
    376.00   245.65   242.95    77.71    37.61   -12.90  7779.57
    374.00   245.45   241.75    70.62    37.77   -12.88  7818.05
    371.00   244.85   242.45    79.81    38.00   -12.86  7876.06
    365.00   243.85   241.85    82.75    38.48   -12.81  7993.13
    362.00   243.45   240.75    77.31    38.72   -12.78  8052.21
    358.00   242.85   240.75    81.81    39.05   -12.74  8131.59
    355.00   242.45   240.05    79.40    39.30   -12.71  8191.58
    350.00   241.85   234.85    50.07    39.71   -12.66  8292.49
    339.00   240.45   231.45    40.24    40.65   -12.53  8518.70
    336.00   240.25   232.25    44.63    40.92   -12.49  8581.45
    335.00   240.05   230.05    36.04    41.00   -12.47  8602.48
    333.00   239.65   232.65    49.34    41.18   -12.44  8644.67
    327.00   238.65   233.85    61.64    41.72   -12.36  8772.40
    317.00   236.65   231.95    61.70    42.63   -12.19  8989.21
    312.00   235.65   231.75    66.83    43.10   -12.10  9099.50
    302.00   234.25   229.65    61.65    44.06   -11.90  9324.32
    300.00   233.85   230.15    67.78    44.26   -11.86  9370.00
    296.00   233.05   230.35    75.23    44.41   -11.90  9461.56
    292.00   232.25   228.65    68.10    44.56   -11.94  9554.05
    287.00   231.25   229.05    79.02    44.75   -11.99  9671.01
    283.00   230.45   228.35    79.74    44.70   -11.98  9765.68
    281.00   230.05   225.75    62.45    44.68   -11.97  9813.39
    279.00   230.05   225.15    58.38    44.65   -11.96  9861.40
    277.00   229.65   225.25    61.64    44.62   -11.96  9909.72
    272.00   228.85   223.85    57.34    44.56   -11.94 10031.73
    270.00   228.45   220.45    40.35    44.53   -11.93 10081.03
    263.00   227.05   221.05    50.50    44.44   -11.91 10255.82
    261.00   226.45   219.45    44.65    44.41   -11.90 10306.39
    258.00   226.05   217.05    34.92    44.37   -11.89 10382.81
    250.00   224.25   216.25    38.75    44.26   -11.86 10590.00
    247.00   223.65   214.65    33.99    44.43   -11.90 10669.30
    245.00   223.25   213.25    29.81    44.54   -11.94 10722.59
    237.00   221.65   210.65    25.62    45.01   -12.06 10939.20
    217.00   216.47   211.51    53.40    46.25   -12.39 11504.61
    214.00   215.65   211.65    60.15    45.72   -12.25 11593.89
    212.00   215.05   210.75    57.64    45.36   -12.15 11653.20
    207.00   213.65   209.85    61.07    44.44   -11.91 11803.26
    206.00   213.65   209.25    56.39    44.26   -11.86 11833.61
    203.00   215.45   206.45    30.76    40.83   -13.85 11925.93
    202.00   215.45   205.45    26.80    39.66   -14.44 11957.13
    201.00   215.45   204.45    23.29    39.18   -14.26 11988.50
    200.00   215.25   203.25    20.14    38.70   -14.08 12020.00
    198.00   215.85   201.85    15.28    38.27   -13.39 12083.19
    197.00   216.05   203.05    17.72    38.06   -13.04 12115.08
    195.00   216.25   202.25    15.41    37.61   -12.35 12179.41
    189.00   215.45   205.45    26.79    36.18   -10.33 12376.17
    188.00   215.25   204.25    23.21    35.93   -10.00 12409.50
    178.00   219.25   197.25     5.09    33.16    -6.83 12755.85
    174.00   218.86   196.86     5.02    31.94    -5.63 12900.79
    167.00   218.15   196.15     4.90    31.44   -11.44 13162.66
    166.00   218.05   196.05     4.88    31.37   -10.96 13200.97
    154.00   220.27   192.35     2.08    29.91    -5.27 13681.47
    150.00   221.05   191.05     1.53    26.85    -7.20 13850.00
    138.00   219.57   190.31     1.61    23.71    -8.63 14388.46
    134.00   219.05   190.05     1.65    23.32    -4.11 14578.41
    132.00   219.31   190.06     1.60    25.13    -2.20 14676.00
    127.00   219.97   190.09     1.48    28.89    -5.09 14926.62
    122.00   220.67   190.13     1.38    21.46   -10.01 15187.30
    119.00   221.09   190.15     1.31    21.28    -7.75 15348.88
    116.00   221.53   190.17     1.25    16.94    -9.78 15514.60
    112.00   222.14   190.20     1.17    18.40    -4.93 15742.34
    110.00   222.45   190.21     1.13    15.40    -7.18 15859.28
    105.00   223.25   190.25     1.04    13.36    -4.89 16161.20
    100.00   222.05   190.05     1.15    10.94    -2.93 16480.00
     70.00   223.65   189.65     0.90     9.33    -4.35 18780.00
     50.00   222.25   189.25     0.99     2.68     1.54 20980.00
     30.00   226.65   190.65     0.76    -3.09     0.00 24340.00
     20.00   228.45   191.45     0.71   -15.21    -2.68 27040.00
     10.00   238.25   195.25     0.47   -13.85    -1.21 31770.00
