
 SNPARM = PRES;TMPK;DWPK;RELH;UWND;VWND;HGHT                                    

 STID = PKMJ          STNM =    91376    TIME = 200707/1200         
 SLAT =   7.07     SLON =   171.29   SELV =     4.0
 STIM =  1200

      PRES     TMPK     DWPK     RELH     UWND     VWND     HGHT
   1011.00   301.35   297.65    80.36    -0.00    -0.00     4.00
   1000.00   299.55   295.85    80.13     1.45    -0.53   102.00
    973.00   297.15   295.05    88.05     2.25     1.35   343.63
    952.00   296.95   292.55    76.38     1.11     3.31   535.27
    925.00   295.35   291.55    79.06    -2.66     3.79   787.00
    910.00   294.35   290.45    78.42    -2.80     4.30   929.32
    894.00   293.95   286.95    64.22    -2.92     4.86  1083.21
    883.00   293.15   288.45    74.34    -2.98     5.26  1190.36
    861.00   292.75   285.75    63.95    -3.04     6.10  1408.24
    850.00   291.95   285.95    68.11    -3.05     6.53  1519.00
    847.00   291.75   285.75    68.07    -3.11     6.50  1549.41
    833.00   291.15   283.15    59.50    -3.37     6.31  1692.52
    822.00   290.15   285.15    72.38    -3.58     6.16  1806.34
    808.00   289.55   281.55    59.11    -3.84     5.94  1952.98
    790.00   287.95   281.95    67.29    -4.15     5.65  2144.48
    780.00   287.15   283.35    77.86    -4.32     5.48  2252.36
    769.00   286.75   282.25    74.22    -4.51     5.28  2372.40
    763.00   287.15   276.15    47.44    -4.60     5.17  2438.53
    755.00   286.95   272.95    38.20    -4.73     5.02  2527.42
    748.00   286.35   273.35    40.90    -4.84     4.88  2605.85
    739.00   285.15   278.15    62.23    -4.97     4.69  2707.52
    729.00   284.55   275.55    53.91    -5.11     4.48  2821.62
    723.00   284.35   270.35    37.44    -5.19     4.36  2890.68
    719.00   283.95   272.95    46.54    -5.24     4.27  2936.97
    700.00   283.15   271.15    43.03    -5.48     3.84  3160.00
    699.00   283.15   271.15    43.03    -5.51     3.83  3171.90
    687.00   281.95   275.95    66.01    -5.86     3.73  3315.85
    677.00   281.15   277.35    76.92    -6.16     3.63  3437.42
    640.00   277.75   276.15    89.35    -7.29     3.10  3899.99
    621.00   276.55   274.75    87.99    -7.89     2.71  4145.94
    611.00   274.55   270.85    76.38    -8.20     2.48  4277.57
    596.00   274.55   272.15    84.04    -8.66     2.08  4478.33
    565.00   273.05   268.05    69.02    -9.59     1.07  4908.49
    559.00   272.85   268.25    71.10    -9.76     0.84  4994.17
    555.00   272.65   264.65    54.73    -9.87     0.68  5051.74
    550.00   272.25   262.25    46.65   -10.00     0.48  5124.18
    545.00   271.65   265.65    63.63   -10.14     0.27  5197.15
    540.00   271.25   265.25    63.54   -10.27     0.05  5270.67
    535.00   270.45   266.95    76.83   -10.40    -0.17  5344.73
    518.00   269.45   264.45    68.24   -10.80    -1.00  5600.95
    509.00   268.25   264.85    77.05   -10.99    -1.47  5739.43
    504.00   268.25   263.25    67.98   -11.08    -1.74  5817.24
    500.00   267.85   263.15    69.52   -11.16    -1.97  5880.00
    499.00   267.85   263.05    68.97   -11.12    -2.00  5895.73
    490.00   267.85   253.85    32.37   -10.77    -2.25  6038.65
    479.00   266.25   259.25    57.44   -10.33    -2.55  6216.36
    471.00   265.65   256.65    48.54    -9.99    -2.74  6347.67
    467.00   265.45   256.45    48.48    -9.82    -2.84  6414.05
    463.00   265.65   247.65    22.19    -9.65    -2.93  6480.98
    460.00   265.05   247.05    22.02    -9.52    -3.00  6531.50
    449.00   263.65   254.65    47.93    -9.03    -3.22  6718.95
    444.00   263.05   253.05    43.82    -8.80    -3.32  6805.36
    439.00   262.45   245.45    23.32    -8.57    -3.41  6892.53
    421.00   259.85   248.85    39.14    -7.72    -3.67  7212.77
    418.00   259.25   251.25    50.84    -7.58    -3.70  7267.14
    404.00   257.45   250.45    54.95    -6.89    -3.83  7524.99
    401.00   257.25   250.25    54.89    -6.74    -3.85  7581.19
    400.00   257.05   249.05    50.16    -6.69    -3.86  7600.00
    397.00   256.85   245.85    38.15    -6.79    -3.62  7656.68
    384.00   255.45   243.45    34.32    -7.15    -2.51  7906.52
    381.00   255.05   238.05    21.07    -7.20    -2.25  7965.16
    375.00   254.25   246.25    49.29    -7.29    -1.71  8083.57
    373.00   254.45   242.45    33.98    -7.31    -1.53  8123.41
    368.00   253.65   241.65    33.71    -7.34    -1.07  8223.85
    364.00   253.45   232.45    13.66    -7.35    -0.70  8305.01
    358.00   252.25   243.25    44.29    -7.32    -0.14  8428.10
    355.00   251.85   243.85    48.52    -7.29     0.14  8490.24
    351.00   251.05   236.05    24.36    -7.23     0.51  8573.70
    339.00   249.65   219.65     4.56    -6.94     1.62  8828.72
    326.00   247.05   212.05     2.24    -6.42     2.77  9113.06
    307.00   244.65   203.65     0.90    -5.26     4.26  9545.32
    300.00   243.05   203.05     0.96    -4.73     4.73  9710.00
    250.00   232.25   204.25     3.32     0.40     4.61 10980.00
    245.00   231.05   198.05     1.52     0.38     4.33 11116.25
    241.00   230.05   214.05    15.52     0.36     4.11 11226.74
    237.00   229.65   223.65    51.41     0.34     3.88 11338.75
    232.00   228.45   223.75    59.21     0.31     3.58 11480.95
    216.00   224.45   220.25    61.46     0.23     2.60 11952.10
    203.00   220.85   212.85    37.43     0.15     1.74 12354.49
    200.00   219.85   212.85    42.13     0.13     1.53 12450.00
    197.00   218.85   212.85    47.48     0.38     1.80 12547.43
    178.00   212.85   205.85    39.34     3.24     2.05 13190.82
    166.00   209.45   200.45    28.34     5.21     0.07 13623.94
    152.00   204.85   197.85    35.99     5.40    -4.37 14160.33
    150.00   204.45   196.45    30.71     5.10    -5.10 14240.00
    139.00   201.05   193.05    29.26     5.47    -3.92 14692.23
    132.00   199.65   190.65    24.30     5.58    -3.12 14995.42
    127.00   199.25   190.25    24.13     5.60    -2.55 15220.97
    123.00   199.85   189.85    20.64     5.57    -2.09 15408.00
    113.00   196.85   187.85    23.13     5.32    -0.95 15900.58
    111.00   199.45   188.45    17.29     5.24    -0.72 16004.20
    109.00   199.45   188.45    17.29     5.15    -0.51 16110.41
    100.00   196.45   186.45    19.30     4.61     0.40 16610.00
     88.80   193.25   183.25    18.05     3.16     2.65 17289.99
     70.00   201.65   185.65     7.69    -7.14    -4.12 18670.00
     50.00   208.65   178.65     0.79   -21.03    -1.84 20690.00
     30.00   216.25   184.25     0.85    -7.97   -11.39 23860.00
     20.00   223.85   189.85     0.91   -16.44     5.99 26490.00
     10.00   230.85   194.85     0.95    -6.16     0.54 31130.00
