
 SNPARM = PRES;TMPK;DWPK;RELH;UWND;VWND;HGHT                                    

 STID =               STNM =     3882    TIME = 200703/0000         
 SLAT =  50.90     SLON =     0.31   SELV =     0.0
 STIM =  2300

      PRES     TMPK     DWPK     RELH     UWND     VWND     HGHT
   1011.00   287.15   286.05    93.08     0.97     0.35     0.00
   1007.00   287.95   286.75    92.52     2.80     0.73    51.04
   1000.00   288.15   286.05    87.26     6.16     0.54   141.00
    998.00   288.19   285.83    85.75     6.66     0.58   157.98
    991.00   288.35   285.05    80.66     7.53    -0.15   217.68
    981.00   288.23   284.68    79.33     8.62    -1.52   303.69
    975.00   288.15   284.45    78.53     7.80    -1.08   355.72
    967.00   287.56   284.29    80.76     6.66    -0.58   425.09
    943.00   285.74   283.82    88.05     5.81    -2.11   636.72
    925.00   284.35   283.45    94.19     7.60    -1.34   799.00
    924.00   284.26   283.41    94.46     7.60    -1.34   808.05
    916.00   283.55   283.05    96.71     6.39    -2.01   880.78
    910.00   283.15   282.15    93.50     5.44    -2.32   935.62
    908.00   283.00   282.06    93.89     5.13    -2.39   953.89
    884.00   281.11   280.94    98.88     5.81    -2.11  1176.34
    882.00   280.95   280.85    99.32     5.96    -1.90  1195.15
    871.00   280.44   279.75    95.37     6.66    -0.58  1298.82
    869.00   280.35   279.55    94.65     6.70    -0.70  1317.81
    862.00   280.35   278.35    87.11     6.83    -1.14  1384.52
    856.00   279.95   278.45    90.16     6.91    -1.53  1442.10
    851.00   279.75   277.45    85.24     6.96    -1.87  1490.32
    850.00   279.75   277.45    85.24     6.96    -1.87  1500.00
    834.00   278.66   276.66    86.93     6.09    -1.07  1655.64
    825.00   278.04   276.21    87.92     6.66     0.58  1744.50
    818.00   277.55   275.85    88.71     7.12     0.62  1814.29
    817.00   277.55   275.74    88.03     7.18     0.63  1824.26
    808.00   277.55   274.77    82.12     6.16    -0.54  1914.60
    806.00   277.55   274.55    80.85     5.96    -0.31  1934.82
    803.00   277.55   273.89    77.10     5.66    -0.00  1965.22
    801.00   277.55   273.45    74.69     5.74     0.33  1985.55
    798.00   277.55   273.75    76.32     5.81     0.85  2016.15
    791.00   277.13   272.84    73.59     5.81     2.11  2087.90
    788.00   276.95   272.45    72.44     5.51     2.01  2118.84
    786.00   276.76   272.49    73.60     5.32     1.94  2139.46
    776.00   275.83   272.69    79.77     5.57    -0.98  2243.35
    773.00   275.55   272.75    81.75     5.31    -1.30  2274.78
    768.00   275.41   272.04    78.39     4.84    -1.76  2327.28
    766.00   275.35   271.75    77.07     4.63    -1.68  2348.37
    741.00   273.38   270.48    80.84     1.94    -0.70  2615.14
    727.00   272.25   269.75    83.14     4.05    -0.72  2768.50
    722.00   271.85   270.15    88.20     4.82    -0.54  2823.62
    720.00   271.85   270.15    88.20     5.13    -0.45  2845.77
    719.00   272.45   269.35    79.52     5.38    -0.53  2856.87
    717.00   272.25   268.95    78.30     5.87    -0.71  2879.14
    714.00   272.65   265.65    59.14     6.61    -1.01  2912.67
    709.00   272.45   264.45    54.67     7.80    -1.64  2968.86
    705.00   272.25   262.25    46.65     8.73    -2.24  3014.06
    704.00   272.45   261.45    43.13     8.95    -2.40  3025.40
    702.00   273.05   263.05    46.89     9.05    -2.01  3048.16
    700.00   272.85   262.85    46.83     9.13    -1.61  3071.00
    693.00   272.31   261.92    45.26     8.72    -0.76  3151.06
    683.00   271.53   260.58    43.04     8.62    -1.52  3266.86
    682.00   271.45   260.45    42.82     8.52    -1.73  3278.53
    676.00   271.45   257.45    33.50     7.86    -2.94  3348.72
    673.00   271.60   251.60    20.15     7.47    -3.48  3384.06
    672.00   271.65   249.65    16.90     7.42    -3.59  3395.87
    670.00   271.65   249.65    16.90     7.31    -3.80  3419.55
    667.00   272.05   244.05     9.85     7.14    -4.12  3455.22
    648.00   270.57   239.72     7.26     8.86    -6.20  3683.99
    634.00   269.45   236.45     5.71     9.71    -5.73  3856.90
    629.00   269.25   238.25     6.93    10.01    -5.53  3919.25
    624.00   268.85   247.85    17.71    10.31    -5.32  3982.03
    617.00   268.23   250.33    23.17    10.73    -5.00  4070.61
    615.00   268.05   251.05    25.01    10.68    -4.93  4096.10
    612.00   267.85   249.85    22.84    10.61    -4.81  4134.42
    610.00   267.65   249.65    22.78    10.56    -4.74  4160.06
    607.00   267.45   254.45    35.12    10.49    -4.62  4198.64
    596.00   266.25   253.25    34.74    10.21    -4.21  4341.41
    592.00   266.25   246.25    18.65    10.10    -4.06  4393.85
    589.00   266.05   248.05    22.31    10.02    -3.95  4433.40
    585.00   265.85   244.85    16.90     9.91    -3.81  4486.40
    579.00   265.65   242.65    13.96     9.74    -3.59  4566.51
    577.00   265.52   243.18    14.84     9.68    -3.52  4593.38
    576.00   265.45   243.45    15.30     9.60    -3.73  4606.85
    571.00   265.05   242.05    13.82     9.14    -4.75  4674.47
    566.00   264.45   243.45    16.53     8.57    -5.72  4742.55
    565.00   264.38   245.71    20.52     8.44    -5.91  4756.22
    563.00   264.25   250.25    31.23     8.40    -6.25  4783.64
    559.00   263.94   249.77    30.66     8.28    -6.95  4838.56
    545.00   262.85   248.07    28.70     8.47    -4.89  5033.92
    540.00   262.45   247.45    28.00     9.01    -3.80  5104.91
    538.00   262.21   247.33    28.24     9.19    -3.34  5133.18
    528.00   260.98   246.71    29.46     9.36    -5.40  5276.09
    508.00   258.45   245.45    32.21    11.31    -5.63  5570.22
    500.00   257.65   242.65    26.48    12.13    -5.65  5690.00
    487.00   256.25   240.25    23.63    13.99    -6.53  5888.19
    483.00   256.25   230.25     8.53    13.15    -7.29  5950.05
    482.00   256.20   230.95     9.23    12.93    -7.46  5965.59
    479.00   256.05   233.05    11.66    13.03    -6.64  6012.41
    472.00   255.51   230.21     9.04    13.06    -4.75  6122.44
    461.00   254.65   225.65     5.90    11.33    -6.31  6298.70
    454.00   253.67   230.95    11.44    10.12    -7.09  6412.44
    451.00   253.25   233.25    15.10    10.12    -7.40  6461.72
    444.00   252.65   230.65    12.10    10.09    -8.15  6577.55
    434.00   251.25   236.25    24.42     9.94    -9.26  6745.56
    431.00   250.65   240.65    39.74     9.88    -9.60  6796.52
    429.00   250.38   241.72    45.08     9.83    -9.83  6830.63
    428.00   250.25   242.25    48.00     9.88    -9.88  6847.74
    415.00   248.85   238.85    39.13    10.52   -10.52  7073.11
    404.00   247.05   238.05    42.54    11.08   -11.08  7268.12
    400.00   246.45   236.45    38.30    11.29   -11.29  7340.00
    391.00   245.45   231.45    25.08    11.01   -11.01  7504.19
    379.00   243.45   232.45    33.57    10.62   -10.62  7727.70
    377.00   243.13   231.95    32.83    10.56   -10.56  7765.35
    368.00   241.65   229.65    29.59     8.56   -12.23  7937.26
    363.00   240.85   226.85    23.54     8.99   -12.84  8034.06
    351.00   238.76   229.24    37.46    10.04   -14.34  8270.17
    347.00   238.05   230.05    43.86     9.34   -14.26  8350.67
    346.00   237.85   227.85    35.25     9.17   -14.23  8370.82
    343.00   237.25   228.25    39.09     8.65   -14.15  8431.50
    339.00   236.85   226.85    34.89     7.97   -14.01  8513.06
    329.00   235.01   225.78    37.29     6.31   -13.53  8720.02
    326.00   234.45   225.45    38.07     5.93   -14.14  8783.34
    316.00   232.85   226.85    52.51     4.38   -16.11  8996.86
    311.00   232.25   223.25    37.26     3.42   -17.05  9105.65
    303.00   230.95   221.22    33.79     1.62   -18.46  9282.48
    300.00   230.45   220.45    32.53     1.70   -19.49  9350.00
    291.00   228.65   221.65    45.46     1.92   -21.98  9554.13
    288.00   228.45   219.45    35.83     2.00   -22.83  9623.27
    282.00   227.25   217.25    31.33     2.15   -24.55  9763.32
    280.00   226.77   217.97    36.03     2.20   -25.13  9810.41
    277.00   226.05   219.05    44.50     2.46   -25.65  9881.69
    269.00   224.45   218.45    49.56     3.21   -27.04 10074.41
    257.00   221.85   216.85    55.00     4.51   -29.16 10371.71
    251.00   220.65   213.65    42.44     5.24   -30.24 10524.30
    250.00   220.45   214.45    48.09     5.36   -30.42 10550.00
    248.00   220.05   214.05    47.94     4.86   -30.61 10601.98
    242.00   218.65   210.65    36.56     3.28   -31.12 10759.82
    240.00   218.12   210.12    36.35     2.74   -31.28 10813.04
    239.00   217.85   209.85    36.24     2.53   -30.83 10839.81
    237.00   217.65   208.65    31.64     2.14   -29.92 10893.58
    229.00   216.25   210.25    46.48     0.73   -26.14 11112.46
    224.00   215.13   210.62    56.10    -0.00   -23.68 11252.15
    221.00   214.45   210.85    62.97     1.40   -21.54 11337.46
    216.00   213.78   210.10    62.07     3.13   -17.75 11481.39
    215.00   213.65   209.95    61.89     3.13   -17.75 11510.57
    210.00   214.25   207.25    39.91     9.47   -13.58 11658.49
    209.00   214.65   205.65    30.44    10.44   -12.47 11688.57
    208.00   214.85   203.85    23.06    11.29   -11.29 11718.83
    207.00   216.05   196.05     6.24    10.99   -11.27 11749.34
    205.00   217.85   188.85     1.55    10.41   -11.21 11811.22
    201.00   219.45   193.64     2.82     9.26   -11.04 11937.93
    200.00   219.85   194.85     3.26     9.83    -9.83 11970.00
    197.00   219.45   194.45     3.21    10.50    -8.68 12066.87
    186.00   223.25   194.25     1.99    11.88    -4.07 12438.00
    184.00   223.43   194.17     1.93    11.94    -3.20 12508.65
    174.00   224.36   193.77     1.63    12.67    -2.23 12873.83
    171.00   224.65   193.65     1.54    10.77     0.94 12987.49
    162.00   222.45   192.45     1.64    13.07     1.14 13340.20
    161.00   222.47   192.39     1.62    13.33     1.17 13380.41
    156.00   222.55   192.06     1.52    13.92     3.73 13585.29
    150.00   222.65   191.65     1.40    15.21     2.68 13840.00
    146.00   222.87   191.65     1.37    17.43    -1.53 14017.03
    135.00   223.53   191.65     1.27    14.42     3.86 14530.08
    133.00   223.65   191.65     1.25    13.52     3.32 14627.84
    127.00   221.85   190.85     1.35    10.65     1.88 14929.65
    123.00   221.62   190.76     1.37    15.00     5.46 15137.28
    118.00   221.31   190.65     1.39    17.23     3.04 15406.54
    102.00   220.25   190.25     1.47    12.82     1.12 16351.93
    100.00   220.45   190.45     1.49    11.61     4.23 16480.00
     70.00   218.85   188.85     1.38     9.33     4.35 18780.00
     50.00   220.65   189.65     1.27     0.00     2.57 20940.00
     30.00   224.65   191.65     1.12    -6.09     1.07 24270.00
     20.00   229.05   193.05     0.86   -12.04     6.95 26960.00
