
 SNPARM = PRES;TMPK;DWPK;RELH;UWND;VWND;HGHT                                    

 STID =               STNM =     3354    TIME = 200703/1200         
 SLAT =  53.00     SLON =    -1.25   SELV =     0.0
 STIM =  1100

      PRES     TMPK     DWPK     RELH     UWND     VWND     HGHT
    998.00   289.15   284.15    72.20     1.23     3.38     0.00
   1000.00 -9999.00 -9999.00 -9999.00 -9999.00 -9999.00   104.00
    996.00   288.94   283.96    72.26     6.24     3.60    20.22
    991.00   288.42   283.49    72.42    10.96     7.67    70.96
    979.00   287.15   282.35    72.80    12.75     8.93   193.77
    963.00   285.80   282.09    78.13    15.18    10.63   358.05
    934.00   283.30   281.62    89.28    14.26     8.23   662.90
    930.00   282.95   281.55    90.99    14.13     8.90   705.69
    925.00   282.55   281.35    92.21    13.92     9.75   759.00
    902.00   280.75   280.75   100.00    16.70    10.20   967.45
    893.00   280.36   280.36   100.00    17.83    10.29  1050.05
    879.00   279.75   279.75   100.00    20.52     8.92  1180.20
    870.00   279.95   279.45    96.62    22.22     7.77  1264.84
    861.00   281.19   279.38    88.33    23.87     6.40  1350.66
    857.00   281.75   279.35    84.87    23.69     6.35  1389.09
    850.00   281.75   278.95    82.56    23.38     6.26  1457.00
    849.00   281.75   278.75    81.42    23.28     6.24  1466.75
    846.00   281.75   279.95    88.45    23.00     6.16  1496.08
    841.00   281.75   280.15    89.67    22.54     6.04  1545.20
    809.00   281.35   280.05    91.51    19.49     5.22  1866.47
    808.00   281.28   280.01    91.67    19.40     5.20  1876.64
    760.00   277.95   277.95   100.00    21.57     3.99  2380.36
    755.00   277.85   277.73    99.14    21.80     3.84  2434.26
    740.00   277.55   277.05    96.55    19.91     3.51  2598.15
    733.00   277.95   274.35    77.50    19.02     3.35  2675.74
    731.00   277.78   274.27    77.97    18.76     3.31  2697.94
    700.00   275.15   273.05    85.97    16.93     6.16  3050.00
    692.00   274.55   272.65    87.16    15.87     6.62  3142.62
    685.00   274.15   272.10    86.18    14.93     6.96  3224.32
    678.00   273.75   271.55    85.19    15.56     6.46  3306.87
    661.00   272.05   272.05   100.00    17.07     5.04  3510.00
    657.00   271.87   271.87   100.00    17.41     4.66  3558.34
    643.00   271.25   271.25   100.00    18.48     5.88  3729.86
    633.00   270.85   269.15    88.11    19.21     6.84  3854.37
    631.00   270.74   269.32    90.00    19.35     7.04  3879.47
    626.00   270.45   269.75    94.92    19.56     6.98  3942.56
    624.00   270.25   268.55    88.05    19.65     6.96  3967.92
    622.00   270.05   268.55    89.37    19.74     6.94  3993.32
    615.00   269.85   267.65    84.74    20.04     6.85  4082.83
    612.00   269.85   268.35    89.35    20.18     6.80  4121.49
    597.00   268.65   267.55    92.01    20.85     6.59  4317.24
    584.00   267.85   265.65    84.50    21.44     6.37  4490.24
    571.00   266.85   265.15    87.73    22.05     6.14  4666.50
    568.00   266.45   264.15    83.68    22.19     6.08  4707.63
    564.00   266.08   263.96    84.76    22.38     6.00  4762.44
    536.00   263.44   262.55    93.20    21.80     3.84  5157.31
    534.00   263.25   262.45    93.87    21.77     4.05  5186.30
    528.00   262.65   261.35    90.16    21.64     4.68  5273.28
    518.00   261.72   260.65    91.80    21.39     5.73  5419.84
    511.00   261.05   260.15    93.00    21.57     5.01  5524.12
    500.00   259.85   258.05    86.30    21.80     3.84  5690.00
    496.00   259.45   257.77    87.11    22.31     3.93  5751.29
    490.00   258.85   257.35    88.37    21.30     3.76  5844.16
    478.00   258.25   256.55    86.85    19.26     3.40  6032.76
    469.00   257.25   255.75    88.21    20.73     3.37  6176.88
    451.00   254.85   253.15    86.47    23.76     3.18  6471.63
    449.00   254.85   252.35    80.70    24.10     3.15  6504.94
    448.00   254.45   252.55    84.95    24.27     3.13  6521.64
    437.00   253.25   252.05    90.14    26.20     2.91  6707.23
    433.00   252.85   251.15    86.25    26.91     2.81  6775.66
    423.00   251.57   249.95    86.76    28.72     2.51  6948.35
    410.00   249.85   248.35    87.46    27.86     2.44  7179.06
    402.00   248.85   247.95    92.23    27.31     2.39  7323.52
    400.00   248.65   247.65    91.38    27.18     2.38  7360.00
    389.00   247.25   246.15    90.44    26.83     2.35  7562.38
    388.00   247.05   244.95    82.44    26.80     2.34  7581.00
    385.00   246.45   244.75    85.48    26.71     2.34  7637.06
    381.00   246.05   243.55    79.26    26.58     2.33  7712.33
    376.00   245.05   243.25    84.51    26.41     2.31  7807.26
    368.00   244.08   241.57    78.84    26.15     2.29  7960.66
    355.00   242.45   238.75    69.92    29.38     0.61  8217.20
    353.00   242.05   238.85    73.35    29.87     0.31  8257.25
    351.00   241.76   238.50    72.83    30.37    -0.00  8297.16
    326.00   238.05   233.95    66.08    30.37    -0.00  8816.14
    325.00   237.92   233.67    65.04    30.37    -0.00  8837.50
    320.00   237.25   232.25    59.96    28.77    -0.65  8945.30
    313.00   235.85   230.85    59.54    26.48    -1.44  9098.37
    309.00   235.45   231.45    66.07    25.13    -1.84  9187.04
    306.00   235.00   230.85    64.91    24.11    -2.11  9254.16
    305.00   234.85   230.65    64.52    24.11    -2.11  9276.68
    303.00   234.45   230.55    66.51    24.11    -2.11  9321.84
    302.00   234.25   229.65    61.65    24.11    -2.11  9344.50
    300.00   233.85   229.65    64.24    24.11    -2.11  9390.00
    298.00   233.65   229.55    64.88    24.02    -2.36  9435.72
    295.00   233.25   228.25    58.74    23.88    -2.74  9504.79
    291.00   232.25   227.65    61.06    23.69    -3.24  9597.71
    287.00   231.65   225.65    52.10    23.48    -3.74  9691.58
    284.00   230.95   225.60    55.77    23.32    -4.11  9762.55
    281.00   230.25   225.55    59.77    23.54    -4.15  9834.26
    258.00   225.45   219.45    49.92    25.27    -4.46 10403.19
    257.00   225.23   219.23    49.84    25.35    -4.47 10428.69
    250.00   223.65   217.65    49.27    25.86    -6.93 10610.00
    246.00   222.85   216.85    48.98    26.75    -8.15 10715.69
    244.00   222.45   216.45    48.83    27.19    -8.79 10769.03
    241.00   221.85   216.85    55.00    27.81    -9.79 10849.70
    238.00   221.25   214.25    42.68    28.41   -10.85 10931.15
    232.00   220.05   216.85    67.96    29.52   -13.12 11096.51
    230.00   219.65   215.65    61.45    29.86   -13.93 11152.38
    222.00   217.85   214.75    68.19    30.19   -11.52 11379.67
    218.00   217.25   212.45    54.76    30.28   -10.30 11495.77
    213.00   216.05   211.45    55.76    30.33    -8.75 11643.31
    211.00   215.61   211.47    59.11    30.33    -8.13 11702.88
    205.00   214.25   211.55    70.75    29.39    -9.37 11885.05
    204.00   213.85   210.95    68.82    29.22    -9.58 11915.77
    202.00   213.65   207.65    45.47    28.88    -9.99 11977.58
    201.00   213.85   206.85    39.74    28.71   -10.19 12008.71
    200.00   213.65   207.65    45.47    28.54   -10.39 12040.00
    199.00   213.45   208.55    52.67    28.61   -10.41 12071.29
    193.00   212.25   206.25    44.91    29.03   -10.57 12261.74
    189.00   212.86   203.36    27.65    25.20   -11.75 12392.08
    184.00   213.65   199.65    14.58    25.53    -8.10 12558.95
    179.00   212.96   198.96    14.36    25.35    -4.47 12730.41
    174.00   212.25   198.25    14.13    23.90    -5.28 12906.73
    170.00   213.05   193.05     5.66    22.69    -5.86 13051.27
    169.00   214.65   191.16     3.40    22.38    -6.00 13088.28
    168.00   216.25   189.25     2.02    22.43    -4.85 13125.51
    163.00   217.85   191.85     2.56    21.83     0.80 13317.18
    162.00   217.80   191.55     2.45    21.54     1.88 13356.34
    159.00   217.65   190.65     2.15    20.96    -1.44 13475.30
    157.00   218.83   190.19     1.73    20.28    -3.58 13556.48
    153.00   221.25   189.25     1.11    17.98    -3.17 13722.01
    150.00   221.05   189.05     1.10    16.22    -2.86 13850.00
    149.00   221.01   189.01     1.09    15.21    -2.68 13893.30
    144.00   220.82   188.82     1.08    15.96    -0.00 14114.23
    133.00   220.36   188.36     1.06    15.21    -2.68 14628.57
    130.00   220.23   188.23     1.05    13.38    -0.00 14776.25
    126.00   220.05   188.05     1.04    14.38     2.14 14978.53
    123.00   220.35   187.97     0.99    14.91     4.00 15135.00
    120.00   220.66   187.90     0.94    17.43     1.53 15295.34
    116.00   221.08   187.79     0.88    15.72     2.77 15515.47
    109.00   221.86   187.60     0.78    11.16     1.97 15919.62
    106.00   222.21   187.51     0.74    10.26    -0.90 16100.84
    104.00   222.45   187.45     0.71     9.06     1.02 16224.52
    100.00   221.45   187.45     0.80     5.79     3.34 16480.00
     70.00   221.85   186.85     0.68     2.98     3.55 18780.00
     50.00   222.65   186.65     0.60    -1.07     3.98 20970.00
     30.00   226.05   187.05     0.44   -10.25     5.92 24320.00
