
 SNPARM = PRES;TMPK;DWPK;RELH;UWND;VWND;HGHT                                    

 STID = PAOT          STNM =    70133    TIME = 200104/0000         
 SLAT =  66.89     SLON =  -162.61   SELV =     6.0
 STIM =     0

      PRES     TMPK     DWPK     RELH     UWND     VWND     HGHT
   1015.00   252.45   247.45    64.19    -3.55    -0.63     6.00
   1011.00   253.25   247.25    58.83    -4.50    -1.34    35.16
   1000.00   252.85   245.85    53.57    -6.32    -4.43   116.00
    979.00   252.25   244.25    48.65    -8.81    -4.43   273.15
    974.78   252.10   244.23    49.16    -9.33    -4.35   305.00
    945.00   251.05   244.05    53.02    -5.75    -3.66   533.93
    935.26   250.47   243.95    55.30    -4.64    -3.25   610.00
    925.00   249.85   243.85    57.85    -5.52    -4.63   691.00
    906.00   248.85   244.45    66.89    -5.34    -3.06   842.53
    898.00   250.05   245.15    64.15    -5.15    -2.45   907.31
    897.18   250.05   245.17    64.29    -5.13    -2.39   914.00
    891.00   250.05   245.35    65.35    -4.94    -1.10   964.61
    884.00   250.85   245.95    64.36    -4.38     0.13  1022.46
    868.00   250.05   245.95    69.07    -2.30     1.59  1156.41
    864.00   251.65   247.15    66.97    -1.75     1.63  1190.34
    860.65   251.65   247.55    69.45    -1.32     1.58  1219.00
    859.00   251.65   247.75    70.71    -1.16     1.89  1233.11
    854.00   252.85   249.05    71.61    -0.27     2.69  1276.24
    850.00   252.85   249.05    71.61     0.80     2.98  1311.00
    849.00   252.85   249.05    71.61     0.57     3.12  1319.72
    836.00   252.65   249.15    73.52    -3.35     2.67  1433.96
    826.00   253.65   249.35    68.66    -5.07    -0.85  1523.19
    825.91   253.65   249.35    68.69    -5.07    -0.89  1524.00
    808.00   253.25   249.75    73.64    -6.47    -2.10  1686.77
    804.00   254.05   250.45    73.15    -6.75    -2.43  1723.64
    792.70   254.05   250.68    74.68    -7.47    -3.48  1829.00
    766.00   254.05   251.25    78.48    -8.25    -3.85  2083.98
    760.86   253.71   251.08    79.61    -8.40    -3.92  2134.00
    751.00   253.05   250.75    81.84    -7.70    -3.86  2230.87
    750.00   253.25   250.85    81.16    -7.63    -3.85  2240.76
    730.25   251.74   250.09    86.55    -6.24    -3.60  2438.00
    724.00   251.25   249.85    88.39    -6.12    -3.39  2501.48
    700.57   250.08   248.58    87.50    -5.60    -2.61  2743.00
    700.00   250.05   248.55    87.48    -6.29    -2.29  2749.00
    690.00   249.85   248.25    86.67    -5.95    -2.16  2854.16
    674.00   249.85   248.15    85.90    -5.39    -1.96  3025.55
    671.93   250.06   247.74    81.26    -5.32    -1.94  3048.00
    670.00   250.25   247.35    77.12    -5.10    -2.25  3069.07
    669.00   250.25   247.45    77.82    -4.98    -2.40  3080.00
    617.77   246.69   243.89    77.18     1.99    -2.37  3658.00
    609.00   246.05   243.25    77.06     2.47    -2.00  3761.73
    605.00   247.25   244.05    74.44     2.67    -1.80  3809.25
    590.00   246.25   242.85    72.85     3.26    -0.85  3990.36
    567.63   244.02   241.66    79.93     3.48     0.93  4267.00
    562.00   243.45   241.35    81.90     3.89     0.71  4338.39
    543.72   241.60   239.09    78.39     5.13    -0.45  4572.00
    527.00   239.85   236.95    75.10     5.15     0.20  4792.63
    520.68   239.33   236.53    75.79     5.13     0.45  4877.00
    515.00   238.85   236.15    76.42     5.53     0.62  4953.78
    509.00   238.85   234.55    64.95     5.96     0.82  5035.60
    500.00   238.25   234.05    65.45     6.59     1.16  5160.00
    499.00   238.25   234.15    66.13     5.88     1.38  5173.99
    498.43   238.22   234.21    66.71     5.47     1.46  5182.00
    495.00   238.05   234.55    70.28     5.59     1.52  5230.23
    474.00   235.65   229.65    53.44     6.35     1.93  5531.46
    459.00   233.65   228.75    59.51     6.90     2.26  5752.83
    448.00   232.25   229.15    71.89     7.31     2.52  5918.61
    441.00   231.25   226.95    62.80     7.57     2.70  6025.68
    436.43   230.72   226.32    61.94     7.74     2.82  6096.00
    419.00   228.65   223.85    58.60     7.84     3.22  6370.90
    410.00   227.05   223.35    65.94     7.89     3.44  6516.04
    400.00   225.65   220.75    56.96     7.93     3.70  6680.00
    398.42   225.43   221.06    60.60     7.93     3.70  6706.00
    393.00   224.65   222.15    75.08     8.19     3.08  6796.02
    390.00   224.25   221.45    72.41     8.32     2.72  6846.22
    387.00   223.65   222.35    86.10     8.43     2.36  6896.70
    384.00   223.45   220.15    68.07     8.52     1.98  6947.48
    382.00   223.05   219.15    63.26     8.58     1.73  6981.50
    380.33   222.83   219.11    64.57     8.62     1.52  7010.00
    370.00   221.45   218.85    73.47     9.66     0.19  7188.55
    363.00   220.45   216.75    64.02    10.26    -0.90  7311.73
    358.00   220.65   210.65    28.81     8.84    -1.45  7401.01
    346.01   219.97   203.99    12.59     5.32    -1.94  7620.00
    344.00   219.85   202.85    10.86     5.15    -2.56  7657.45
    322.00   221.65   200.65     6.38    -1.16    -6.74  8083.26
    314.76   221.31   200.31     6.31    -4.14    -5.91  8230.00
    301.00   220.65   199.65     6.19    -5.23    -6.30  8518.57
    300.28   220.65   199.65     6.19    -5.30    -6.31  8534.00
    300.00   220.65   199.65     6.19    -3.26    -7.00  8540.00
    286.55   221.38   198.76     4.97    -3.86    -6.69  8839.00
    273.44   222.13   197.84     3.96    -2.00    -7.46  9144.00
    268.00   222.45   197.45     3.60    -2.02    -6.97  9275.07
    262.00   222.05   195.05     2.60    -2.01    -6.43  9423.09
    250.00   223.05   194.05     1.98    -1.94    -5.32  9730.00
    245.00   223.25   193.25     1.70    -1.87    -5.12  9861.96
    237.83   224.57   193.42     1.50    -1.76    -4.84 10058.00
    221.00   227.85   193.85     1.12     3.82    -4.59 10542.57
    216.89   228.06   193.85     1.09     5.06    -3.54 10668.00
    207.22   228.57   193.85     1.03     5.83    -5.83 10973.00
    202.00   228.85   193.85     1.00     6.21    -4.82 11143.41
    200.00   228.45   193.45     0.98     6.32    -4.43 11210.00
    197.98   228.37   193.37     0.98     7.10    -1.25 11278.00
    195.00   228.25   193.25     0.97     7.43    -2.11 11379.64
    186.00   229.85   193.85     0.90     7.73    -5.23 11697.23
    180.82   229.45   193.45     0.88     7.28    -7.28 11887.00
    165.11   228.18   192.18     0.82    12.67    -2.23 12497.00
    159.00   227.65   191.65     0.80     9.22    -4.61 12750.00
    157.77   227.79   191.62     0.78     8.47    -4.89 12802.00
    152.00   228.45   191.45     0.71     7.28    -3.53 13051.29
    150.76   228.20   191.82     0.77     7.00    -3.26 13106.00
    150.00   228.05   192.05     0.82    10.27    -4.79 13140.00
    137.48   225.57   190.40     0.82    13.43    -3.60 13716.00
    135.00   225.05   190.05     0.82    15.90     1.39 13836.41
    125.32   226.02   190.05     0.73    16.22     2.86 14326.00
    125.00   226.05   190.05     0.73    16.71     2.86 14342.87
    119.66   225.41   189.81     0.76    25.13     2.20 14630.00
    112.00   224.45   189.45     0.79    23.67     2.07 15064.56
    109.05   224.92   189.69     0.78    23.08     2.02 15240.00
    100.00   226.45   190.45     0.75    25.74    -0.00 15810.00
     94.95   226.51   190.36     0.73    25.74    -0.00 16154.00
     70.00   226.85   189.85     0.65    22.82     4.02 18180.00
     50.00   226.85   189.85     0.65    27.69     2.42 20410.00
     30.00   230.45   191.45     0.57    34.48     6.08 23830.00
     20.00   231.85   190.85     0.45    36.41     3.19 26570.00
     10.00   233.05   192.05     0.48    37.07    -0.00 31280.00
      9.50 -9999.00 -9999.00 -9999.00    42.73    -0.00 -9999.00
