
 SNPARM = PRES;TMPK;DWPK;RELH;UWND;VWND;HGHT                                    

 STID = LIX           STNM =    72233    TIME = 200102/1800         
 SLAT =  30.34     SLON =   -89.83   SELV =    10.0
 STIM =  1800

      PRES     TMPK     DWPK     RELH     UWND     VWND     HGHT
   1009.00   295.15   293.95    92.91     0.00     3.60    10.00
   1000.00   294.95   293.75    92.90     1.61     9.13    86.00
    975.10   293.90   293.22    95.92     4.00    14.91   305.00
    944.00   292.55   292.55   100.00     8.48    18.85   586.44
    941.43   292.44   292.42    99.83     8.92    19.13   610.00
    925.00   291.75   291.55    98.75     9.57    20.53   762.00
    908.79   291.15   290.18    94.02    13.58    19.40   914.00
    898.00   290.75   289.25    90.92    13.20    20.07  1016.68
    876.94   289.28   288.30    93.90    12.35    21.40  1219.00
    850.00   287.35   287.05    98.07    12.10    20.96  1485.00
    825.00   285.75   285.55    98.70    13.62    20.45  1737.11
    820.00   286.55   282.95    78.82    13.93    20.34  1788.34
    816.06   286.87   282.95    77.22    14.17    20.24  1829.00
    815.00   286.95   282.95    76.79    14.23    20.18  1839.96
    810.00   287.15   280.15    62.69    14.47    19.90  1891.94
    792.00   285.55   278.55    62.32    15.33    18.84  2081.14
    787.02   285.02   280.03    71.49    15.56    18.54  2134.00
    777.00   283.95   283.05    94.17    14.98    19.01  2241.32
    759.00   282.75   281.95    94.75    13.89    19.82  2436.85
    758.89   282.75   281.95    94.75    13.88    19.82  2438.00
    731.57   282.36   281.26    92.87    14.56    17.35  2743.00
    731.00   282.35   281.25    92.83    14.56    17.35  2749.47
    704.00   280.15   279.35    94.65    14.56    17.35  3060.95
    700.00   281.15   279.15    87.19    14.56    17.35  3108.00
    699.00   281.15   278.95    85.99    14.58    17.23  3119.82
    684.00   280.35   277.75    83.54    14.87    15.46  3298.92
    679.52   280.18   275.81    73.68    14.93    14.93  3353.00
    668.00   279.75   270.75    52.61    16.61    14.14  3493.64
    654.70   278.32   270.42    56.68    18.55    12.99  3658.00
    644.00   277.15   270.15    60.29    18.67    13.61  3792.66
    625.00   274.75   272.05    82.24    18.83    14.76  4035.26
    617.00   273.95   271.35    82.74    18.88    15.26  4139.03
    611.00   273.55   271.85    88.35    18.91    15.64  4217.58
    607.25   273.55   270.98    82.85    18.93    15.88  4267.00
    605.00   273.55   270.45    79.68    19.22    16.12  4296.84
    584.00   271.25   268.75    83.01    21.95    18.42  4579.30
    564.00   270.65   260.65    46.17    24.64    20.68  4856.22
    562.52   270.58   260.58    46.15    24.84    20.85  4877.00
    555.00   270.25   260.25    46.05    25.39    21.30  4983.73
    541.11   268.65   258.40    44.66    26.42    22.17  5182.00
    500.00   263.65   252.65    40.37    26.42    22.17  5800.00
    498.00   263.45   252.45    40.31    26.38    22.14  5830.92
    484.00   261.85   251.85    43.43    26.09    21.89  6050.16
    481.11   261.69   251.69    43.38    26.03    21.84  6096.00
    477.00   261.45   251.45    43.31    26.08    21.71  6161.74
    469.00   261.45   246.45    27.69    26.18    21.44  6291.17
    433.00   256.85   243.85    31.68    26.62    20.16  6896.80
    412.00   255.45   243.45    34.32    26.86    19.37  7269.42
    406.00   255.05   250.05    64.85    26.93    19.14  7379.01
    403.00   254.65   250.45    69.51    26.96    19.02  7434.34
    400.00   254.25   250.15    70.03    26.99    18.90  7490.00
    393.08   253.12   248.90    69.00    26.99    18.90  7620.00
    389.00   252.45   248.15    68.38    26.25    19.26  7697.77
    384.00   251.85   245.85    58.43    25.33    19.67  7793.70
    377.22   250.82   244.30    55.40    24.05    20.18  7925.00
    371.00   249.85   242.85    52.65    24.74    20.40  8047.71
    368.00   249.65   241.65    47.81    25.08    20.50  8107.32
    365.00   249.65   235.65    26.47    25.42    20.60  8167.39
    362.00   249.65   227.65    11.38    25.76    20.69  8227.95
    356.00   249.25   231.25    17.39    26.47    20.88  8350.48
    353.00   248.45   233.45    23.52    26.83    20.97  8412.37
    350.00   248.05   238.05    38.85    27.19    21.06  8474.65
    338.00   246.05   240.05    56.72    28.69    21.40  8728.01
    331.00   245.45   230.45    22.55    29.59    21.58  8879.18
    324.00   244.05   226.05    15.89    30.53    21.74  9032.92
    319.01   243.22   229.37    24.73    31.21    21.85  9144.00
    318.00   243.05   230.05    27.04    31.23    21.87  9166.72
    304.00   240.45   225.45    20.94    31.54    22.08  9486.60
    301.00   239.65   228.65    32.22    31.60    22.13  9556.56
    300.00   239.65   228.65    32.22    31.63    22.15  9580.00
    292.00   238.05   229.05    39.38    31.94    22.36  9768.70
    289.00   237.45   231.45    54.03    32.06    22.45  9840.47
    284.00   236.65   226.65    34.82    32.26    22.59  9961.39
    278.00   235.85   224.85    30.86    32.51    22.76 10108.84
    266.00   232.85   222.85    33.42    33.02    23.12 10411.07
    250.00   229.25   224.25    57.47    33.73    23.62 10830.00
    242.00   227.25   222.45    58.15    33.92    24.40 11047.64
    232.00   225.25   217.25    39.14    34.13    25.42 11327.56
    226.00   223.65   216.65    43.60    34.26    26.06 11499.98
    219.00   222.25   211.25    25.84    34.39    26.84 11705.63
    205.00   218.45   208.45    27.95    34.63    28.49 12132.37
    200.00   217.05   209.05    35.92    34.70    29.12 12290.00
    195.00   215.65   209.65    46.25    35.26    29.58 12450.15
    182.00   212.05   205.05    39.01    36.77    30.85 12881.52
    176.00   211.65   202.65    29.23    37.50    31.47 13089.15
    169.00   209.85   198.85    21.18    38.39    32.21 13339.23
    167.04   210.63   198.65    18.54    38.65    32.43 13411.00
    167.00   210.65   198.65    18.49    38.65    32.43 13412.41
    166.00   210.50   198.14    17.44    38.65    32.43 13449.29
    159.00   209.45   194.45    11.33    38.64    27.81 13713.88
    156.00   209.85   192.85     8.31    38.48    25.83 13830.63
    150.00   207.65   190.65     7.79    37.90    21.88 14070.00
    138.00   204.05   189.05     9.81    38.88    20.56 14572.34
    130.00   203.65   187.65     8.18    39.55    19.58 14928.63
    126.00   201.85   185.85     7.73    39.89    19.07 15114.08
    123.34   201.94   185.50     7.18    40.12    18.71 15240.00
    120.00   202.05   185.05     6.52    39.03    18.20 15402.46
    111.00   199.85   182.85     6.05    35.93    16.75 15860.96
    106.00   202.85   184.85     5.61    34.24    14.39 16132.57
    104.00   203.05   184.05     4.72    33.51    13.46 16245.72
    103.00   204.25   184.25     4.13    33.13    12.99 16303.30
    100.00   204.25   184.25     4.13    31.93    11.62 16480.00
     73.67   200.65   181.51     4.19     9.47     7.94 18288.00
     70.00   200.05   181.05     4.21     9.86     8.27 18590.00
     66.48   201.21   181.45     3.82     8.40     3.92 18898.00
     60.04   203.52   182.24     3.17     3.48     7.47 19507.00
     57.05   204.67   182.63     2.90     2.83     4.90 19812.00
     51.51   206.98   183.42     2.43    -0.65     1.40 20422.00
     50.00   207.65   183.65     2.31    -2.11     1.47 20600.00
     44.39   209.23   184.30     2.10     1.06    -2.90 21336.00
     31.44   213.83   186.19     1.62    -8.21    -0.72 23470.00
     30.00   214.45   186.45     1.56    -5.13     0.45 23760.00
     29.93   214.47   186.46     1.56    -7.74    -2.82 23774.00
     28.52   215.00   186.75     1.54   -12.36     0.00 24079.00
     27.18   215.52   187.03     1.51    -8.11     1.43 24384.00
     25.90   216.05   187.32     1.49    -5.66     0.00 24689.00
     24.67   216.57   187.61     1.47    -7.14     4.12 24994.00
     23.51   217.09   187.89     1.45    -5.46     5.46 25298.00
     21.35   218.14   188.46     1.40    -5.79    -3.34 25908.00
     20.00   218.85   188.85     1.38    -7.46    -2.00 26320.00
     19.40   219.37   189.16     1.36    -8.72    -0.76 26518.00
     17.68   220.99   190.10     1.32   -10.96    -7.67 27127.00
     16.87   221.80   190.57     1.30    -7.61    -9.07 27432.00
     16.10   222.60   191.04     1.28    -5.91    -8.44 27737.00
     14.67   224.22   191.98     1.24    -3.73    -1.74 28346.00
     10.58   229.87   195.28     1.12   -10.96    -7.67 30480.00
     10.00   230.85   195.85     1.11   -13.06    -4.75 30850.00
