
 SNPARM = PRES;TMPK;DWPK;RELH;UWND;VWND;HGHT                                    

 STID = PHTO          STNM =    91285    TIME = 200704/0000         
 SLAT =  19.72     SLON =  -155.05   SELV =    12.0
 STIM =     0

      PRES     TMPK     DWPK     RELH     UWND     VWND     HGHT
   1013.00   302.15   292.15    54.80    -3.59     0.31    12.00
   1000.00   298.75   290.75    61.27    -5.66     0.00   129.00
    996.00   297.75   290.75    65.03    -5.65     0.30   164.31
    980.15   296.65   289.65    64.80    -5.47     1.46   305.00
    973.00   296.15   289.15    64.69    -5.24     1.83   369.17
    954.00   295.35   286.35    56.68    -4.54     2.67   541.25
    946.48   294.71   286.07    57.85    -4.22     2.95   610.00
    933.00   293.55   285.55    60.07    -1.93     3.35   734.51
    927.00   293.15   287.15    68.35    -1.06     3.11   790.33
    925.00   292.95   286.95    68.31    -0.80     2.98   809.00
    913.74   292.25   286.01    67.13    -0.45     2.53   914.00
    881.82   290.20   283.28    63.74     0.36     4.10  1219.00
    878.00   289.95   282.95    63.33     0.07     4.36  1256.20
    865.00   289.95   279.95    51.66    -1.20     5.06  1383.33
    850.00   288.55   280.55    58.87    -3.09     5.35  1532.00
    828.00   286.95   280.95    67.08    -3.28     5.68  1753.97
    820.66   286.30   279.48    63.30    -3.35     5.79  1829.00
    819.00   286.15   279.15    62.46    -3.55     5.88  1846.09
    814.00   285.55   281.35    75.54    -4.18     6.09  1897.58
    809.00   285.55   283.85    89.36    -4.86     6.24  1949.38
    798.00   285.35   283.45    88.16    -6.47     6.37  2064.49
    795.00   285.35   281.85    79.17    -6.93     6.35  2096.13
    791.42   285.17   275.85    52.88    -7.49     6.29  2134.00
    791.00   285.15   275.15    50.36    -7.45     6.29  2138.45
    783.00   284.95   265.95    25.79    -6.71     6.25  2223.50
    779.00   286.35   259.35    13.94    -6.35     6.21  2266.39
    770.00   285.95   251.95     7.67    -5.55     6.07  2363.83
    763.22   286.44   250.60     6.60    -4.96     5.91  2438.00
    759.00   286.75   249.75     6.00    -4.34     6.10  2484.52
    735.92   285.36   245.58     4.51    -1.07     6.09  2743.00
    726.00   284.75   243.75     3.96    -2.42     5.69  2856.56
    718.00   285.35   236.35     1.85    -3.42     5.15  2949.05
    709.54   285.07   241.21     3.04    -4.37     4.37  3048.00
    700.00   284.75   246.75     5.22    -2.58     4.46  3161.00
    692.00   284.55   241.55     3.25    -3.15     3.56  3256.83
    679.00   285.15   249.15     6.32    -3.57     2.01  3415.06
    659.43   283.33   241.88     3.64    -3.09     0.00  3658.00
    647.00   282.15   237.15     2.48    -2.25     0.90  3816.12
    640.00   281.55   252.55    10.84    -1.69     1.16  3905.93
    625.00   279.55   252.55    12.42    -0.58     1.07  4100.88
    614.00   278.55   245.55     7.12    -0.08     0.60  4246.05
    612.39   278.42   245.38     7.07    -0.04     0.51  4267.00
    567.46   274.52   240.37     5.80     1.80    -3.12  4877.00
    500.00   268.05   232.05     4.04     3.64    -3.64  5890.00
    494.00   267.45   232.45     4.40     3.98    -3.98  5984.93
    487.01   266.54   231.54     4.29     4.37    -4.37  6096.00
    468.32   264.04   229.04     3.99     2.83    -4.90  6401.00
    464.00   263.45   228.45     3.92     3.94    -4.23  6473.31
    450.25   263.45   216.67     1.00     6.16    -0.54  6706.00
    450.00   263.45   216.45     0.98     6.18    -0.56  6710.32
    433.00   261.65   221.65     2.10     7.25    -2.62  7007.22
    432.84   261.63   221.64     2.10     7.25    -2.64  7010.00
    400.00   256.25   219.25     2.46     8.71    -3.17  7610.00
    399.46   256.16   219.24     2.48     8.71    -3.17  7620.00
    352.71   247.89   218.78     4.81    10.16    -3.70  8534.00
    341.00   245.65   218.65     5.81     9.69    -2.42  8782.06
    324.14   243.07   216.07     5.39     8.72    -0.76  9144.00
    319.00   242.25   215.25     5.26    10.01    -0.51  9258.21
    300.00   238.25   219.25    12.66    14.87     1.30  9690.00
    297.23   237.65   219.15    13.27    15.38     1.35  9754.00
    289.00   235.85   218.85    15.34    14.42     2.47  9948.14
    275.00   233.45   206.45     3.98    12.54     4.10 10287.80
    271.95   232.91   205.44     3.66    12.09     4.40 10363.00
    250.00   228.85   197.85     1.87    11.29    -0.99 10930.00
    241.00   227.25   197.25     2.03    11.08    -2.36 11175.05
    237.25   226.39   196.77     2.07    10.94    -2.93 11278.00
    213.00   220.45   193.45     2.43    11.12    -2.19 11985.33
    206.26   219.22   194.78     3.47    11.16    -1.97 12192.00
    200.00   218.05   196.05     4.88    15.21    -2.68 12390.00
    185.00   215.65   183.65     0.82    18.12    -4.33 12884.11
    178.56   213.66   183.08     0.95    19.40    -5.20 13106.00
    176.00   212.85   182.85     1.01    18.77    -4.18 13196.40
    156.00   209.45   179.45     0.83    11.99     1.64 13940.82
    153.96   208.91   179.58     0.91    11.16     1.97 14021.00
    150.00   207.85   179.85     1.11    11.79     1.03 14180.00
    146.00   206.45   179.45     1.24    11.83    -0.47 14344.36
    141.00   206.65   178.65     1.04    11.59    -2.40 14555.64
    139.28   206.24   177.90     0.95    11.44    -3.06 14630.00
    136.00   205.45   176.45     0.79    10.94    -1.07 14774.02
    133.00   206.25   177.25     0.83    10.18     0.57 14908.80
    125.87   203.73   175.52     0.84     7.47     3.48 15240.00
    124.00   203.05   175.05     0.84     7.32     3.08 15329.72
    113.57   201.14   173.82     0.86     6.09     1.07 15850.00
    109.00   200.25   173.25     0.87     3.54     5.06 16092.92
    107.87   200.30   173.30     0.87     7.25     2.64 16154.00
    100.00   200.65   173.65     0.89     0.44     0.93 16600.00
     70.00   203.05   175.05     0.84    -6.53     3.05 18710.00
     50.00   212.65   181.65     0.83   -15.21     2.68 20760.00
     30.00   218.45   186.45     0.96   -14.42    -3.86 23980.00
     20.00   223.45   189.45     0.89   -19.05     0.00 26590.00
     10.00   229.25   193.25     0.87   -21.54     1.88 31210.00
