
 SNPARM = PRES;TMPK;DWPK;RELH;UWND;VWND;HGHT                                    

 STID =               STNM =     3005    TIME = 200704/1200         
 SLAT =  60.13     SLON =    -1.18   SELV =    84.0
 STIM =  1100

      PRES     TMPK     DWPK     RELH     UWND     VWND     HGHT
    991.00   284.75   283.45    91.72    -2.06     3.57    84.00
   1000.00 -9999.00 -9999.00 -9999.00 -9999.00 -9999.00     9.00
    990.00   284.52   283.20    91.61    -0.36     2.03    92.44
    985.00   283.35   281.95    91.02    -0.37     2.26   134.78
    980.00   282.95   281.75    92.23    -0.37     2.49   177.19
    976.00   282.75   280.15    83.82    -0.37     2.68   211.23
    947.00   280.75   279.95    94.67    -0.25     4.07   461.25
    931.00   279.95   278.35    89.53    -0.08     4.86   601.77
    925.00   279.95   277.45    84.08     0.00     5.15   655.00
    921.00   280.15   277.15    81.20    -0.16     5.49   690.70
    918.00   279.95   275.95    75.64    -0.29     5.74   717.57
    913.00   279.62   275.76    76.33    -0.54     6.16   762.43
    903.00   278.95   275.37    77.75     0.00     5.15   852.89
    900.00   278.75   275.25    78.18    -0.06     5.02   880.23
    880.00   277.23   275.73    89.94    -0.36     4.10  1063.90
    879.00   277.15   275.75    90.58    -0.34     4.26  1073.19
    870.00   276.91   274.85    86.41     0.00     5.66  1157.00
    864.00   276.75   274.25    83.70     1.07     6.09  1213.36
    855.00   275.95   274.15    87.93     0.89     7.45  1298.44
    850.00   275.75   273.55    85.41     0.72     8.21  1346.00
    843.00   275.55   272.65    81.15     0.14     8.87  1412.92
    833.00   274.72   272.32    84.06    -0.85     9.74  1509.27
    831.00   274.55   272.25    84.66    -0.72     9.55  1528.68
    818.00   273.75   271.26    83.38     0.00     8.24  1655.15
    801.00   272.69   269.94    81.68     1.46     5.47  1823.60
    795.00   272.31   269.47    81.07     1.73     6.46  1883.91
    791.00   272.05   269.15    80.66     2.94     6.92  1924.37
    790.00   272.09   268.81    78.40     3.26     7.00  1934.47
    786.00   272.25   267.45    69.91     4.23     5.74  1975.00
    783.00   272.16   267.08    68.44     4.73     4.73  2005.52
    774.00   271.88   265.97    64.15     3.97     4.73  2097.77
    773.00   271.85   265.85    63.68     4.16     4.74  2108.08
    771.00   272.05   264.05    54.56     4.54     4.74  2128.74
    769.00   271.85   263.85    54.51     4.93     4.72  2149.46
    766.00   271.66   263.48    53.67     5.52     4.63  2180.55
    760.00   271.29   262.73    52.00     5.52     4.63  2243.12
    753.00   270.85   261.85    50.09     2.83     4.90  2316.73
    738.00   269.65   261.65    53.89     1.89     4.42  2476.15
    732.00   269.25   261.25    53.78     1.55     4.19  2540.63
    730.00   269.45   259.45    45.80     1.44     4.10  2562.23
    729.00   269.45   260.45    49.67     1.39     4.06  2573.06
    700.00   266.65   258.65    53.03     0.22     2.56  2892.00
    694.00   266.05   259.05    57.39    -0.34     1.92  2959.08
    691.00   265.65   257.65    52.74    -0.49     1.57  2992.78
    690.00   265.58   257.80    53.70    -0.53     1.45  3004.02
    682.00   265.05   259.05    62.00     0.53     4.59  3094.56
    679.00   265.05   260.05    67.26     1.66     5.55  3128.75
    678.00   265.25   261.05    71.78     2.11     5.81  3140.20
    676.00   265.65   263.05    81.62     2.32     6.38  3163.14
    668.00   265.10   263.25    86.55     3.17     8.71  3255.47
    660.00   264.53   263.45    91.85     6.20     8.86  3348.92
    656.00   264.25   263.55    94.66     7.67     9.39  3396.07
    646.00   263.74   262.86    93.31    11.83     9.92  3514.31
    634.00   263.11   262.01    91.68    11.44     9.60  3658.63
    620.00   262.36   261.01    89.74     9.10     9.10  3830.49
    612.00   261.92   260.42    88.62     8.56    12.23  3930.46
    607.00   261.65   260.05    87.92     9.05    12.93  3993.60
    597.00   260.78   259.25    88.32    10.04    14.34  4118.92
    592.00   260.34   258.84    88.53     8.23    14.26  4182.38
    583.00   259.54   258.10    88.92     8.27     9.86  4297.96
    576.00   258.90   257.52    89.23     8.60    10.25  4389.09
    568.00   258.17   256.85    89.60     6.43    11.15  4494.61
    552.00   256.68   255.47    90.36     7.20    12.48  4710.18
    538.00   255.33   254.23    91.08     7.38    10.54  4904.00
    527.00   254.25   253.23    91.67     8.27    11.80  5059.85
    525.00   254.05   253.05    91.78     9.02    11.51  5088.54
    508.00   252.97   251.67    89.27    14.93     6.96  5332.47
    504.00   252.71   251.33    88.67    14.03     5.11  5391.06
    503.00   252.65   251.25    88.52    13.55     4.93  5405.78
    500.00   252.85   251.15    86.25    12.09     4.40  5450.00
    497.00   253.01   251.28    86.02    10.73     5.00  5494.76
    490.00   253.40   251.59    85.48     9.46     9.46  5600.27
    486.00   253.62   251.77    85.18     9.60    11.44  5661.24
    482.00   253.85   251.95    84.87    10.13    12.07  5722.72
    481.00   253.75   251.93    85.45    10.26    12.23  5738.17
    472.00   252.85   251.75    90.89    10.54    10.72  5878.67
    471.00   252.75   251.55    90.10    10.56    10.56  5894.41
    470.00   252.65   251.35    89.30    11.00    10.83  5910.18
    468.00   252.85   250.05    78.28    11.91    11.36  5941.83
    464.00   252.85   250.65    82.54    13.80    12.35  6005.54
    460.00   252.42   249.37    76.46    15.77    13.23  6069.63
    451.00   251.45   246.45    63.93    16.28    13.66  6215.89
    450.00   251.25   246.25    63.88    16.33    13.71  6232.27
    446.00   250.77   244.97    59.21    16.56    13.90  6298.03
    445.00   250.65   244.65    58.08    16.47    13.90  6314.56
    444.00   250.25   243.25    52.77    16.37    13.90  6331.10
    442.00   250.25   244.25    57.97    16.18    13.91  6364.26
    431.00   248.85   244.45    66.89    15.11    13.91  6548.84
    428.00   248.45   243.45    63.14    14.81    13.90  6599.81
    426.00   248.25   243.85    66.74    14.62    13.89  6633.95
    425.00   248.05   242.05    57.32    14.52    13.88  6651.07
    422.00   247.85   240.85    52.02    14.22    13.86  6702.61
    420.00   247.85   239.85    47.21    14.03    13.85  6737.17
    418.00   247.65   234.65    28.60    13.83    13.83  6771.87
    416.00   247.45   233.45    25.74    14.23    14.23  6806.70
    413.00   247.05   230.05    18.66    14.83    14.83  6859.20
    401.00   245.05   229.05    20.13    17.27    17.27  7072.06
    400.00   244.85   228.85    20.07    17.47    17.47  7090.00
    395.00   244.12   229.34    22.65    18.56    18.56  7179.47
    376.00   241.25   231.25    36.47    16.01    19.66  7530.10
    370.00   240.25   234.25    54.93    15.17    19.94  7643.44
    364.00   239.25   235.15    66.39    14.32    20.20  7758.16
    363.00   239.09   234.97    66.19    14.17    20.24  7777.31
    348.00   236.65   232.15    63.01    11.32    16.16  8071.20
    346.00   236.52   232.48    66.12    10.93    15.60  8111.10
    345.00   236.45   232.65    67.74    11.13    15.54  8131.13
    342.00   235.85   231.25    62.12    11.75    15.32  8191.49
    338.00   235.05   231.25    67.35    12.57    14.98  8272.46
    335.00   234.45   231.25    71.64    12.24    15.71  8333.81
    326.00   232.65   229.75    73.55    10.99    17.91  8519.94
    324.00   232.45   229.35    71.94    10.67    18.39  8561.83
    318.00   231.25   229.15    79.88     9.56    19.83  8688.65
    317.00   231.07   228.89    79.17     9.36    20.07  8709.88
    308.00   229.45   226.55    72.82    11.26    17.70  8904.04
    305.00   228.65   224.55    63.46    11.81    16.87  8969.64
    300.00   227.65   224.05    66.87    10.55    18.28  9080.00
    291.00   225.67   223.15    75.12     6.34    17.41  9282.32
    290.00   225.45   223.05    76.13     5.42    18.08  9305.19
    288.00   225.18   222.58    74.34     3.40    19.26  9350.89
    287.00   225.05   222.35    73.45     3.41    19.35  9373.87
    285.00   224.65   220.15    59.38     3.44    19.51  9419.97
    283.00   224.45   219.75    57.92     3.47    19.68  9466.33
    276.00   223.06   218.74    60.21     3.58    20.28  9630.49
    274.00   222.65   218.45    60.90     5.22    20.98  9678.16
    271.00   222.05   217.15    55.74     7.92    21.77  9749.93
    270.00   222.25   215.99    47.20    10.01    21.46  9774.03
    268.00   222.65   213.65    33.61    11.45    19.85  9822.50
    266.00   223.85   205.85    10.40    12.70    18.14  9871.52
    265.00   224.05   203.05     6.85    12.95    17.88  9896.25
    259.00   224.25   205.25     9.14    14.36    16.26 10046.75
    250.00   225.65   200.65     4.04    16.17    13.57 10280.00
    241.00   227.57   197.77     2.12    17.83    10.29 10523.85
    237.00   228.45   196.45     1.57    17.67    10.02 10635.16
    228.00   228.85   195.85     1.37    17.29     9.39 10894.46
    225.00   228.65   194.65     1.16    17.15     9.18 10983.21
    218.00   230.85   193.85     0.81    16.82     8.68 11195.91
    202.00   231.85   191.85     0.53    15.97     7.54 11712.48
    200.00   231.45   191.45     0.51    15.86     7.40 11780.00
    186.00   230.15   190.69     0.52    16.33     7.62 12268.45
    180.00   229.56   190.35     0.52    17.41     4.66 12489.15
    175.00   229.05   190.05     0.53    19.87     5.32 12678.76
    172.00   229.01   189.89     0.52    21.39     5.73 12794.44
    168.00   228.94   189.68     0.50    19.05    -0.00 12951.85
    163.00   228.87   189.40     0.48    14.42     3.86 13153.98
    158.00   228.78   189.12     0.46    16.33     7.62 13362.40
    150.00   228.65   188.65     0.43    15.97     5.81 13710.00
    144.00   228.41   188.52     0.44    16.47    -0.00 13981.92
    140.00   228.25   188.43     0.44    12.82     1.12 14169.57
    136.00   228.08   188.34     0.44    10.70     6.18 14362.66
    124.00   227.54   188.04     0.44    10.70     6.18 14977.98
    115.00   227.09   187.80     0.45    11.94     3.20 15479.89
    112.00   226.94   187.72     0.45     8.86     6.20 15655.97
    107.00   226.67   187.57     0.45    10.94     2.93 15960.18
    103.00   226.45   187.45     0.45     8.38     4.66 16213.97
    100.00   226.65   187.65     0.46     6.31     5.30 16410.00
     70.00   226.45   187.45     0.45     7.93     3.70 18770.00
     50.00   226.65   187.65     0.46     1.69     1.18 21010.00
     30.00   229.85   189.85     0.47    -6.29     2.29 24410.00
     20.00   232.25   191.25     0.46    -9.95     2.67 27160.00
     10.00   240.65   196.65     0.46    -9.19     3.34 31950.00
