
 SNPARM = PRES;TMPK;DWPK;RELH;UWND;VWND;HGHT                                    

 STID =               STNM =     3238    TIME = 200705/0000         
 SLAT =  55.02     SLON =    -1.87   SELV =   141.0
 STIM =  2300

      PRES     TMPK     DWPK     RELH     UWND     VWND     HGHT
    980.00   289.35   286.15    81.33    -2.05    -0.18   141.00
   1000.00 -9999.00 -9999.00 -9999.00 -9999.00 -9999.00   -34.00
    977.00   289.26   285.85    80.18     3.60     6.24   166.97
    973.00   289.15   285.45    78.68     5.40     9.36   201.71
    965.00   288.44   285.31    81.60     9.10     9.10   271.29
    946.00   286.73   284.98    89.18    10.55    18.28   438.87
    944.00   286.55   284.95    90.04    11.03    18.40   456.70
    942.00   286.75   284.65    87.13    11.51    18.50   474.50
    925.00   285.35   284.45    94.23    15.88    18.93   627.00
    912.00   284.55   284.15    97.38    19.20    18.43   745.80
    904.00   284.32   283.97    97.70    21.30    17.87   819.41
    891.00   283.95   283.69    98.23    21.50    15.06   940.43
    873.00   283.43   283.28    98.99    23.18    13.38  1110.94
    850.00   282.75   282.75   100.00    28.00    13.05  1334.00
    848.00   282.71   282.71   100.00    28.00    13.05  1353.59
    823.00   282.15   282.15   100.00    25.74     9.47  1602.44
    822.00   282.10   282.10   100.00    25.63     9.33  1612.50
    782.00   280.02   280.02   100.00    24.67     8.98  2025.03
    777.00   279.75   279.75   100.00    25.13     8.73  2078.07
    772.00   279.75   279.75   100.00    25.59     8.46  2131.22
    767.00   280.15   278.15    87.09    26.05     8.18  2184.74
    753.00   278.77   277.58    92.06    27.35     7.33  2335.59
    733.00   276.75   276.75   100.00    28.08     9.50  2556.04
    726.00   276.75   275.95    94.50    28.30    10.30  2634.13
    725.00   277.35   274.65    82.58    28.33    10.42  2645.35
    723.00   277.55   273.85    76.88    28.39    10.65  2667.88
    711.00   277.15   272.75    73.00    28.70    12.10  2804.27
    700.00   276.15   272.65    77.77    28.93    13.49  2931.00
    673.00   273.55   271.65    87.07    27.58    17.54  3248.38
    668.00   273.05   270.35    82.01    27.26    18.29  3308.20
    664.00   272.65   270.75    86.97    26.99    18.90  3356.27
    662.00   272.45   270.95    89.57    27.18    18.77  3380.42
    658.00   272.05   270.25    87.56    27.55    18.49  3428.85
    655.00   271.85   268.65    78.83    27.84    18.28  3465.32
    654.00   271.85   267.15    70.36    27.93    18.21  3477.50
    653.00   272.05   264.05    54.56    28.02    18.14  3489.70
    652.00   272.65   254.65    24.26    28.12    18.06  3501.93
    651.00   273.05   247.05    12.07    28.21    17.99  3514.20
    650.00   273.35   239.35     5.71    28.31    17.92  3526.49
    649.00   273.35   239.35     5.71    28.40    17.84  3538.81
    613.00   271.76   234.46     3.93    31.73    14.80  3992.96
    603.00   271.30   233.05     3.51    32.41    11.80  4123.85
    585.00   270.45   230.45     2.85    38.14    16.54  4365.03
    577.00   270.85   232.84     3.56    40.59    18.93  4474.14
    573.00   271.05   234.05     3.97    39.83    18.57  4529.27
    560.00   270.15   235.73     5.04    37.32    17.40  4710.86
    553.00   269.65   236.65     5.74    39.09    17.14  4810.39
    541.00   269.25   244.25    12.34    42.18    16.51  4983.43
    534.00   268.52   243.52    12.18    44.02    16.02  5085.74
    524.00   267.45   242.45    11.94    44.97    15.10  5234.25
    507.00   266.05   242.05    12.79    46.58    13.41  5491.80
    500.00   265.65   243.65    15.35    47.24    12.66  5600.00
    476.00   262.85   245.85    23.44    44.79    12.00  5981.66
    471.00   262.56   244.14    20.46    44.26    11.86  6063.10
    469.00   262.45   243.45    19.35    44.31    11.87  6095.91
    450.00   259.45   244.45    27.05    44.81    12.01  6412.77
    443.00   258.85   242.85    24.44    45.01    12.06  6532.06
    431.00   257.45   244.45    31.88    45.34    12.15  6740.22
    409.00   254.65   240.65    28.12    45.98    12.32  7134.10
    400.00   253.25   241.25    33.58    46.25    12.39  7300.00
    391.00   251.85   240.85    36.48    46.59    12.48  7467.76
    377.00   250.05   238.05    32.49    47.13    12.63  7734.84
    374.00   249.65   236.66    29.31    47.24    12.66  7793.01
    368.00   248.85   233.85    23.65    48.07    12.18  7910.75
    359.00   247.45   233.45    25.74    49.34    11.41  8090.07
    352.00   246.25   230.25    20.51    50.33    10.77  8231.93
    345.00   245.05   230.05    22.42    51.34    10.08  8375.92
    337.00   243.65   225.65    15.78    52.50     9.23  8543.21
    334.00   243.05   228.05    21.78    52.94     8.90  8606.71
    332.00   242.85   235.85    50.40    53.24     8.67  8649.30
    331.00   242.65   237.65    61.53    53.39     8.56  8670.67
    328.00   242.25   237.65    63.92    53.83     8.21  8735.10
    325.00   241.85   235.85    55.43    54.28     7.84  8800.02
    322.00   241.45   232.45    40.59    54.72     7.47  8865.42
    321.00   241.25   232.25    40.52    54.87     7.35  8887.33
    308.00   238.85   229.85    39.67    56.83     5.60  9176.95
    304.00   238.35   227.37    31.80    57.44     5.03  9267.87
    300.00   237.85   224.85    25.25    56.78    10.01  9360.00
    297.00   237.45   223.45    22.41    57.00    10.05  9430.33
    294.00   236.85   223.85    24.91    57.23    10.09  9501.23
    287.00   235.65   222.65    24.49    57.75    10.18  9668.88
    282.00   234.45   223.45    30.35    58.14    10.25  9790.52
    280.00   234.05   221.05    23.94    58.29    10.28  9839.62
    277.00   233.45   219.45    21.07    58.53    10.32  9913.77
    261.00   230.09   217.25    23.01    59.83    10.55 10317.68
    250.00   227.65   215.65    24.61    57.69    15.46 10610.00
    243.00   225.85   214.85    27.18    59.58    13.98 10797.89
    234.00   224.85   211.85    20.75    62.05    11.85 11046.03
    231.00   224.45   209.45    15.84    62.87    11.09 11130.61
    221.00   221.85   209.85    22.52    61.74     9.19 11418.74
    203.00   218.85   201.85    10.59    59.40     5.74 11964.93
    200.00   218.85   201.85    10.59    58.97     5.16 12060.00
    190.00   216.31   201.12    12.98    57.80    10.19 12386.55
    189.00   216.05   201.05    13.26    56.99    10.05 12420.15
    184.00   215.05   204.05    23.14    52.89     9.33 12589.35
    179.00   214.65   202.65    19.92    48.67     8.58 12762.65
    172.00   214.83   201.46    16.40    40.63    14.79 13013.58
    166.00   214.99   200.41    13.77    39.66    18.49 13236.92
    164.00   215.05   200.05    12.97    39.82    16.76 13313.17
    157.00   217.05   194.05     4.03    39.78    10.66 13589.09
    150.00   218.65   191.65     2.25    32.32     8.66 13880.00
    149.00   218.85   191.85     2.27    31.84     8.09 13922.83
    146.00   218.05   191.05     2.19    30.32     6.45 14052.87
    138.00   222.85   190.85     1.20    25.73     2.60 14416.46
    131.00   222.03   190.58     1.26    21.11    -0.00 14753.71
    126.00   221.42   190.37     1.31    24.33     4.29 15005.82
    122.00   220.91   190.20     1.35    19.26     3.40 15214.82
    116.00   220.12   189.94     1.42    12.65     8.86 15541.54
    114.00   219.85   189.85     1.45    12.77     8.94 15654.21
    109.00   220.33   189.99     1.40    13.07     9.15 15943.72
    106.00   220.63   190.07     1.37    14.42     3.86 16123.87
    100.00   221.25   190.25     1.31    16.02    11.22 16500.00
     70.00   220.85   189.85     1.28     6.62     7.89 18820.00
     50.00   223.85   190.85     1.07     0.65     1.40 21010.00
     30.00   227.05   192.05     0.91    -7.14     4.12 24380.00
     20.00   230.85   193.85     0.81   -11.20     5.22 27100.00
