
 SNPARM = PRES;TMPK;DWPK;RELH;UWND;VWND;HGHT                                    

 STID = PAFA          STNM =    70261    TIME = 200104/1200         
 SLAT =  64.81     SLON =  -147.88   SELV =   134.0
 STIM =  1200

      PRES     TMPK     DWPK     RELH     UWND     VWND     HGHT
    991.00   237.65   234.35    71.64    -0.00    -0.00   134.00
   1000.00 -9999.00 -9999.00 -9999.00 -9999.00 -9999.00    72.00
    990.00   239.05   236.55    78.01    -0.01    -0.11   141.08
    988.00   239.85   238.35    86.32    -0.06    -0.32   155.34
    987.00   240.05   238.15    83.00    -0.10    -0.43   162.50
    983.00   240.65   238.75    83.09    -0.40    -0.78   191.24
    980.00   243.05   241.45    85.87    -0.74    -0.96   213.00
    976.00   244.85   242.75    82.12    -1.29    -1.03   242.38
    975.00   249.05   246.65    80.50    -1.44    -1.01   249.84
    974.00   250.85   245.85    63.77    -1.59    -0.98   257.39
    971.00   251.65   246.75    64.57    -2.06    -0.80   280.21
    967.76   251.56   246.87    65.78    -2.53    -0.45   305.00
    957.00   251.25   247.25    69.98    -4.04    -1.32   387.76
    935.00   252.25   247.95    68.34    -6.33    -4.45   560.18
    928.75   252.00   247.89    69.44    -6.70    -5.62   610.00
    925.00   251.85   247.85    70.12    -7.49    -6.29   640.00
    907.00   252.05   247.75    68.29    -9.68    -4.33   784.87
    898.00   253.45   249.45    70.48   -10.59    -3.04   858.62
    891.32   253.33   249.21    69.69   -11.16    -1.97   914.00
    887.00   253.25   249.05    69.19   -10.70    -2.11   949.98
    876.00   254.85   249.95    65.38    -9.50    -2.41  1042.75
    855.50   254.06   250.26    71.88    -7.25    -2.64  1219.00
    850.00   253.85   250.35    73.76    -8.22    -2.99  1267.00
    821.03   252.79   249.59    75.56    -9.63    -1.70  1524.00
    812.00   252.45   249.35    76.15    -9.66    -3.65  1605.96
    787.72   250.82   248.42    80.84    -7.61    -9.07  1829.00
    768.00   249.45   247.65    85.08    -8.12    -6.30  2015.25
    758.00   250.05   245.05    63.56    -8.07    -4.95  2111.07
    755.63   249.93   244.93    63.53    -8.03    -4.63  2134.00
    754.00   249.85   244.85    63.51    -8.10    -4.39  2149.78
    743.00   249.25   240.25    43.29    -8.43    -2.72  2257.13
    735.00   248.45   240.45    47.41    -8.45    -1.51  2335.98
    733.00   248.45   242.45    57.44    -8.43    -1.21  2355.80
    732.00   248.45   241.45    52.21    -8.42    -1.06  2365.73
    724.74   247.83   242.20    59.32    -8.24     0.00  2438.00
    711.00   246.65   243.65    75.73    -8.23     0.40  2576.64
    702.00   245.85   243.15    77.75    -8.21     0.66  2668.47
    700.00   245.85   242.75    74.86    -8.21     0.72  2689.00
    694.74   245.41   241.73    70.77    -8.21     0.72  2743.00
    674.00   243.65   237.65    55.99    -8.05    -0.29  2960.12
    637.50   239.96   235.58    64.74    -7.46    -2.00  3353.00
    625.00   238.65   234.85    68.30    -7.53    -1.70  3492.78
    622.00   238.45   234.55    67.56    -7.55    -1.63  3526.37
    621.00   238.25   233.25    60.26    -7.55    -1.60  3537.60
    616.00   238.05   233.05    60.20    -7.58    -1.48  3593.94
    610.34   237.52   232.76    61.54    -7.60    -1.34  3658.00
    597.00   236.25   232.05    64.91    -6.62    -2.09  3811.36
    593.00   235.85   229.85    53.51    -6.31    -2.28  3857.80
    584.10   235.50   227.73    44.04    -5.60    -2.61  3962.00
    578.00   235.25   226.25    38.37    -6.42    -2.22  4034.39
    570.00   235.25   224.25    30.64    -7.45    -1.48  4130.33
    565.00   236.25   220.25    17.41    -8.06    -0.88  4191.11
    558.81   235.78   219.31    16.33    -8.75     0.00  4267.00
    539.00   234.25   216.25    13.15    -6.83     3.10  4515.40
    534.57   234.20   215.37    11.86    -6.24     3.61  4572.00
    523.00   234.05   213.05     8.98    -6.89     2.87  4721.86
    521.00   234.45   211.45     7.01    -6.99     2.73  4748.12
    511.29   234.18   211.18     6.96    -7.46     2.00  4877.00
    500.00   233.85   210.85     6.89    -6.66    -0.58  5030.00
    488.98   233.34   210.34     6.80    -7.72     0.00  5182.00
    487.00   233.25   210.25     6.78    -7.72    -0.18  5209.71
    467.51   231.07   208.71     6.94    -7.46    -2.00  5486.00
    457.00   229.85   207.85     7.04    -7.60    -1.34  5639.72
    446.80   229.41   207.85     7.38    -7.69    -0.67  5791.00
    434.00   228.85   207.85     7.84    -7.67    -2.45  5985.64
    426.88   228.69   207.28     7.39    -7.47    -3.48  6096.00
    407.81   228.24   205.71     6.25    -9.13    -1.61  6401.00
    400.00   228.05   205.05     5.82    -8.44    -5.91  6530.00
    375.00   226.85   202.85     4.86    -9.58    -3.78  6961.03
    372.26   227.08   202.69     4.63    -9.68    -3.52  7010.00
    368.00   227.45   202.45     4.30    -9.63    -3.99  7086.72
    358.00   226.05   203.05     5.47    -9.43    -5.13  7270.15
    355.59   226.01   202.61     5.16    -9.36    -5.40  7315.00
    346.00   225.85   200.85     4.07    -7.79    -5.05  7496.35
    339.58   225.33   200.85     4.31    -6.75    -4.73  7620.00
    324.25   224.04   200.85     4.99    -6.92    -6.92  7925.00
    322.00   223.85   200.85     5.10    -6.70    -5.62  7970.98
    309.63   226.14   197.85     2.52    -6.19    -6.19  8230.00
    308.00   226.45   197.45     2.29    -6.12    -4.56  8264.85
    300.00   226.85   197.85     2.32    -2.05     0.18  8440.00
    295.81   227.10   197.60     2.17    -4.84    -1.76  8534.00
    282.63   227.93   196.77     1.75    -1.76    -4.84  8839.00
    270.03   228.75   195.95     1.41    -2.18    -4.67  9144.00
    257.99   229.57   195.13     1.13    -2.83    -6.06  9449.00
    254.00   229.85   194.85     1.05    -3.24    -4.65  9553.23
    250.00   229.45   194.45     1.03    -3.27    -3.27  9660.00
    247.00   229.45   194.45     1.03    -3.59    -3.59  9741.20
    246.53   229.52   194.47     1.03    -3.64    -3.64  9754.00
    225.38   232.65   195.36     0.85     3.64    -4.34 10363.00
    219.00   233.65   195.65     0.80     4.97    -1.92 10557.86
    215.51   233.72   195.54     0.78     5.13    -0.45 10668.00
    206.13   233.93   195.23     0.73     2.18    -4.67 10973.00
    201.00   234.05   195.05     0.70     4.71    -6.13 11145.80
    200.00   233.85   195.85     0.81     5.30    -6.31 11180.00
    197.15   233.60   195.60     0.80     5.12    -4.30 11278.00
    191.00   233.05   195.05     0.78     5.41    -4.54 11493.99
    188.56   233.53   195.00     0.73     5.52    -4.63 11582.00
    182.00   234.85   194.85     0.62     6.80    -4.26 11823.84
    180.32   234.67   194.78     0.63     7.14    -4.12 11887.00
    164.88   232.96   194.14     0.68     5.91    -8.44 12497.00
    154.00   231.65   193.65     0.72    13.07    -9.15 12962.07
    150.76   231.33   193.33     0.71    15.16    -8.75 13106.00
    150.00   231.25   193.25     0.70    11.20    -5.22 13140.00
    144.08   230.99   193.09     0.70    11.13    -4.05 13411.00
    137.70   230.70   192.91     0.71    13.18    -2.32 13716.00
    131.60   230.41   192.73     0.71    19.35    -7.04 14021.00
    109.81   229.25   192.02     0.71    21.39    -5.73 15240.00
    100.30   228.67   191.66     0.72    22.38    -6.00 15850.00
    100.00   228.65   191.65     0.72    20.28    -3.58 15870.00
     95.82   228.48   191.48     0.71    20.28    -3.58 16154.00
     70.00   227.25   190.25     0.66    20.28    -3.58 18240.00
     50.00   228.65   190.65     0.61    26.67    -2.33 20480.00
     30.00   230.25   191.25     0.56    22.38    -6.00 23910.00
     20.00   226.25   189.25     0.63    24.11    -2.11 26640.00
     10.00   236.45   193.45     0.42    33.31    -8.93 31290.00
      5.70 -9999.00 -9999.00 -9999.00    26.14   -31.16 -9999.00
