
 SNPARM = PRES;TMPK;DWPK;RELH;UWND;VWND;HGHT                                    

 STID =               STNM =     3238    TIME = 200106/0000         
 SLAT =  55.02     SLON =    -1.87   SELV =   141.0
 STIM =  2300

      PRES     TMPK     DWPK     RELH     UWND     VWND     HGHT
   1004.00   281.75   278.95    82.56     1.18     1.69   141.00
   1000.00   281.55   278.65    81.96     6.24     3.60   177.00
    992.00   281.06   278.47    83.66     8.86     6.20   243.39
    987.00   280.75   278.35    84.76     9.11     6.49   285.16
    950.00   277.75   277.75   100.00    10.90     8.78   598.82
    938.00   277.08   277.08   100.00    11.44     9.60   702.34
    925.00   276.35   276.35   100.00    13.37     7.72   816.00
    913.00   275.85   275.85   100.00    13.82     7.98   921.89
    906.00   275.55   275.55   100.00    13.60     7.85   984.30
    900.00   276.35   275.35    93.15    13.40     7.74  1038.18
    899.00   276.75   275.32    90.34    13.37     7.72  1047.23
    897.00   277.55   275.25    85.00    13.22     7.84  1065.35
    895.00   277.95   275.25    82.65    13.07     7.96  1083.57
    884.00   277.56   274.54    80.72    12.23     8.56  1184.46
    878.00   277.35   274.15    79.66    12.28     8.33  1240.01
    876.00   277.15   273.85    79.06    12.30     8.25  1258.59
    855.00   275.55   272.65    81.15    12.45     7.41  1455.56
    850.00   275.15   272.55    82.89    12.48     7.20  1503.00
    833.00   273.64   272.36    91.13    11.15     6.43  1665.71
    832.00   273.55   272.35    91.65    11.46     6.53  1675.39
    830.00   273.35   271.95    90.30    12.09     6.72  1694.71
    828.00   273.35   271.65    88.34    12.72     6.89  1714.06
    827.00   273.95   269.95    74.59    13.04     6.97  1723.77
    822.00   274.55   267.55    59.63    14.67     7.34  1772.57
    819.00   276.55   262.55    35.08    15.66     7.51  1802.11
    818.00   276.95   260.95    30.01    16.00     7.57  1812.02
    817.00   277.75   256.25    19.30    16.33     7.62  1821.98
    816.00   278.55   251.55    12.20    16.19     7.55  1831.95
    811.00   279.35   247.35     7.94    15.46     7.21  1882.17
    809.00   279.35   246.35     7.25    15.17     7.07  1902.37
    807.00   279.15   254.15    14.66    14.88     6.94  1922.62
    804.00   279.15   250.15    10.35    14.44     6.73  1953.08
    802.00   278.95   254.95    15.91    14.14     6.59  1973.44
    801.00   278.98   254.49    15.26    13.99     6.53  1983.64
    791.00   279.32   249.82     9.94    13.43     3.60  2086.38
    790.00   279.35   249.35     9.51    13.48     3.57  2096.73
    771.00   278.55   248.55     9.36    14.50     3.08  2295.65
    758.00   277.73   249.78    11.05    15.21     2.68  2434.10
    752.00   277.35   250.35    11.94    15.28     3.11  2498.81
    745.00   276.95   246.95     9.05    15.36     3.62  2574.73
    739.00   276.55   254.55    18.18    15.41     4.07  2640.29
    729.00   275.95   252.95    16.54    15.46     4.83  2750.57
    722.00   275.95   243.95     7.36    15.48     5.38  2828.56
    712.00   275.35   245.35     8.75    15.47     6.19  2941.16
    700.00   274.35   246.35    10.31    15.40     7.18  3078.00
    677.00   272.51   242.62     8.31    16.05     9.26  3345.16
    664.00   271.45   240.45     7.30    15.27     9.93  3500.22
    651.00   270.05   243.05    10.39    14.46    10.55  3657.08
    635.00   268.42   237.34     6.74    13.41    11.25  3852.81
    620.00   266.85   231.85     4.33    14.53     8.97  4040.84
    617.00   266.61   237.60     7.94    14.71     8.49  4078.74
    615.00   266.45   241.45    11.71    14.53     8.65  4104.10
    604.00   265.04   244.74    17.82    13.49     9.45  4244.55
    601.00   264.65   245.65    19.98    13.49     9.85  4283.29
    591.00   263.46   245.78    22.21    13.41    11.25  4412.99
    586.00   262.85   245.85    23.44    13.60    11.01  4478.66
    580.00   262.25   245.25    23.26    13.84    10.71  4557.85
    577.00   262.05   242.05    17.49    13.96    10.56  4597.69
    572.00   261.45   246.45    27.69    14.15    10.30  4664.45
    567.00   260.78   245.78    27.47    14.34    10.04  4731.62
    566.00   260.65   245.65    27.43    14.47    10.09  4745.12
    560.00   260.05   244.05    24.82    15.30    10.37  4826.44
    550.00   259.45   236.45    12.46    16.73    10.81  4963.58
    545.00   258.85   239.85    18.33    17.47    11.01  5032.93
    536.00   258.05   236.05    13.43    18.82    11.34  5159.02
    533.00   257.65   238.65    17.99    19.29    11.43  5201.43
    528.00   257.03   238.47    18.61    20.07    11.58  5272.00
    500.00   253.45   237.45    22.76    20.51    11.84  5680.00
    480.00   250.94   236.33    25.31    21.85    12.61  5978.36
    458.00   248.05   235.05    28.74    18.59    14.14  6321.27
    451.00   247.65   230.65    18.84    17.51    14.51  6432.53
    450.00   247.54   230.36    18.45    17.35    14.56  6448.52
    440.00   246.45   227.45    14.86    17.73    13.73  6610.33
    438.00   246.65   223.65     9.53    17.80    13.56  6643.06
    428.00   245.80   218.53     5.65    18.14    12.70  6808.68
    424.00   245.45   216.45     4.53    18.85    12.53  6876.01
    419.00   244.85   216.85     5.03    19.77    12.28  6960.76
    400.00   242.05   213.05     4.06    23.33    10.88  7290.00
    382.00   239.27   212.26     4.80    24.72    11.53  7606.61
    356.00   235.01   211.04     6.27    22.39    10.44  8091.33
    310.00   226.65   208.65    11.12    25.24    16.44  9042.73
    304.00   225.65   206.65     9.48    25.53    17.37  9172.42
    300.00   225.05   207.05    10.71    25.72    18.01  9260.00
    288.00   223.23   206.63    12.43    27.83    19.49  9527.88
    283.00   222.45   206.45    13.27    28.25    19.33  9642.80
    271.00   220.05   202.05     9.45    29.29    18.91  9923.95
    263.00   218.65   204.65    16.18    30.01    18.60 10116.71
    250.00   216.25   201.25    13.32    31.21    18.02 10440.00
    249.00   216.05   200.05    11.45    31.97    16.64 10465.36
    248.00   215.84   200.17    11.95    32.66    15.23 10490.63
    234.00   212.85   201.85    22.31    32.80    13.90 10855.44
    220.00   210.65   197.65    15.89    32.88    12.49 11237.89
    215.00   209.61   197.53    17.88    32.90    11.97 11378.53
    204.00   207.25   197.25    23.56    27.06    12.62 11699.79
    200.00   207.45   197.45    23.64    26.59    12.40 11820.00
    186.00   209.25   197.25    17.99    23.71     8.96 12262.36
    181.00   209.25   200.25    28.26    22.54     7.79 12429.18
    176.00   209.65   194.65    11.38    21.29     6.68 12600.83
    169.00   209.09   193.40    10.05    19.40     5.20 12849.29
    166.00   208.85   192.85     9.50    19.47     5.22 12958.94
    150.00   210.05   188.05     3.64    19.89     5.33 13580.00
    143.00   210.61   187.56     3.11    22.38     6.00 13874.13
    134.00   211.38   186.88     2.50    20.80     7.57 14274.22
    131.00   211.65   186.65     2.32    21.18     5.92 14413.57
    124.00   210.46   186.35     2.57    21.54     1.88 14749.64
    122.00   210.10   186.26     2.65    17.95    -1.57 14849.14
    117.00   209.19   186.04     2.88    13.90    -0.00 15105.23
    113.00   208.43   185.85     3.08    16.41     4.40 15318.11
    109.00   207.65   185.65     3.31    18.40     4.93 15538.66
    100.00   206.85   184.85     3.20    21.39     5.73 16060.00
     70.00   209.25   184.25     2.08    24.33    -4.29 18240.00
     50.00   209.25   183.25     1.73    23.08     2.02 20300.00
     30.00   201.65   181.65     3.72    34.98    -6.17 23380.00
     26.70 -9999.00 -9999.00 -9999.00    39.49    -3.45 -9999.00
