
 SNPARM = PRES;TMPK;DWPK;RELH;UWND;VWND;HGHT                                    

 STID = PAOT          STNM =    70133    TIME = 200101/1200         
 SLAT =  66.89     SLON =  -162.61   SELV =     6.0
 STIM =  1200

      PRES     TMPK     DWPK     RELH     UWND     VWND     HGHT
    997.00   250.05   246.65    73.65    -3.33   -12.43     6.00
   1000.00 -9999.00 -9999.00 -9999.00 -9999.00 -9999.00   -13.00
    995.00   250.45   245.45    63.67    -3.34   -12.48    20.80
    982.00   250.65   243.65    52.90    -3.43   -12.80   117.87
    974.00   251.85   243.85    48.52    -3.48   -13.01   178.41
    957.46   251.25   243.92    51.44    -3.60   -13.43   305.00
    925.00   250.05   244.05    57.91    -3.35    -5.79   560.00
    918.68   249.83   243.98    58.68    -2.61    -5.60   610.00
    881.20   248.46   243.54    63.65    -1.43    -8.11   914.00
    865.00   247.85   243.35    66.02    -3.31   -10.37  1049.36
    858.00   249.05   243.05    57.62    -4.34   -11.24  1108.53
    850.00   249.65   242.65    52.59    -5.65   -12.13  1177.00
    847.00   249.65   242.65    52.59    -5.79   -12.42  1202.83
    845.12   249.52   242.66    53.26    -5.87   -12.60  1219.00
    821.00   247.85   242.85    62.97    -6.32   -13.56  1429.78
    814.00   249.25   242.25    52.46    -6.46   -13.85  1492.07
    810.43   249.07   242.27    53.41    -6.53   -13.99  1524.00
    779.00   247.45   242.45    62.87    -3.11   -11.14  1811.48
    777.12   247.61   242.29    61.08    -2.93   -10.94  1829.00
    767.00   248.45   241.45    52.21    -3.90    -9.23  1924.12
    763.00   249.45   240.45    43.35    -4.18    -8.54  1962.21
    762.00   252.65   238.65    27.46    -4.24    -8.36  1971.85
    757.00   255.45   236.45    17.37    -4.47    -7.49  2020.79
    745.60   255.09   234.28    14.36    -4.63    -5.52  2134.00
    732.00   254.65   231.65    11.33    -4.41    -4.14  2271.41
    722.00   254.05   230.05    10.06    -4.07    -3.20  2373.78
    715.77   253.55   232.07    13.01    -3.79    -2.66  2438.00
    700.00   252.25   237.25    24.74    -3.57    -2.06  2603.00
    692.00   251.85   238.85    30.02    -3.14    -0.49  2687.88
    686.85   251.51   237.65    27.47    -2.56     0.22  2743.00
    686.00   251.45   237.45    27.06    -2.51     0.28  2752.08
    681.00   251.85   238.85    30.02    -2.18     0.55  2806.01
    658.87   250.03   241.89    47.30    -0.66     0.79  3048.00
    638.00   248.25   244.85    73.27    -2.00     3.70  3283.87
    636.00   248.05   244.55    72.55    -2.07     4.02  3306.70
    635.00   247.85   245.55    81.05    -2.10     4.18  3318.13
    633.00   248.05   246.35    85.68    -2.15     4.50  3341.05
    631.96   248.08   246.11    83.55    -2.18     4.67  3353.00
    621.00   248.45   243.55    63.73    -3.35     6.00  3480.28
    619.00   248.45   244.25    68.05    -3.59     6.23  3503.76
    613.00   248.05   244.05    69.24    -4.35     6.88  3574.62
    606.00   247.45   245.65    84.82    -5.32     7.59  3658.00
    606.00   247.45   245.65    84.82    -5.32     7.59  3658.00
    602.00   247.45   244.55    76.60    -5.51     8.35  3706.02
    599.00   247.45   246.65    92.98    -5.63     8.92  3742.24
    596.00   247.45   247.35    99.10    -5.73     9.51  3778.65
    592.00   247.45   245.75    85.61    -5.82    10.31  3827.48
    583.00   246.65   243.55    75.02    -5.89    12.18  3938.39
    576.00   247.25   243.75    72.38    -5.79    13.68  4025.80
    567.00   246.65   244.55    82.39    -5.45    15.67  4139.76
    557.10   246.47   243.29    74.43    -4.80    17.90  4267.00
    556.00   246.45   243.15    73.58    -4.83    18.04  4281.29
    533.89   244.53   240.89    70.84    -5.60    20.88  4572.00
    511.63   242.51   238.52    67.97    -2.06    23.59  4877.00
    511.00   242.45   238.45    67.89    -2.18    23.66  4885.80
    500.00   241.25   238.05    73.18    -4.38    24.85  5040.00
    497.00   240.85   237.95    75.30    -4.25    25.14  5082.36
    464.00   236.85   233.35    69.99    -2.54    28.39  5561.58
    444.00   234.65   232.95    83.90    -1.18    30.41  5864.89
    440.00   234.05   231.45    76.25    -0.88    30.82  5926.82
    435.00   233.25   231.45    82.82    -0.48    31.33  6004.79
    429.20   232.53   229.86    75.38     0.00    31.92  6096.00
    427.00   232.25   229.25    72.67    -0.32    32.04  6130.94
    421.00   231.45   229.15    78.21    -1.21    32.34  6226.75
    418.00   230.85   227.15    66.99    -1.66    32.48  6275.01
    410.23   229.72   225.81    65.13    -2.87    32.82  6401.00
    407.00   229.25   225.25    64.35    -2.86    32.66  6454.15
    402.00   228.45   226.45    80.26    -2.84    32.41  6536.75
    400.00   228.25   226.35    81.12    -2.83    32.31  6570.00
    398.00   228.05   226.15    81.08    -3.07    32.53  6603.56
    394.00   227.25   224.05    69.88    -3.56    32.96  6671.05
    381.00   225.25   223.35    80.59    -5.30    34.35  6893.84
    379.00   225.05   221.95    70.12    -5.58    34.56  6928.62
    376.00   224.65   222.55    78.65    -6.02    34.88  6981.07
    375.00   224.55   222.38    77.95    -6.17    34.98  6998.59
    374.35   224.49   222.26    77.50    -6.17    34.98  7010.00
    368.00   223.85   221.15    73.17    -5.25    32.84  7122.61
    365.00   223.65   219.55    61.95    -4.84    31.81  7176.36
    362.00   223.45   217.45    49.20    -4.43    30.76  7230.51
    359.00   223.05   218.35    57.46    -4.05    29.70  7285.03
    354.00   222.65   213.65    33.61    -3.43    27.91  7376.76
    347.00   221.65   208.65    19.64    -2.63    25.34  7506.97
    341.00   221.85   200.85     6.42    -2.02    23.08  7620.48
    330.00   221.05   204.05    11.18    -4.15    22.98  7833.58
    310.40   220.07   203.07    10.92    -8.10    22.25  8230.00
    310.00   220.05   203.05    10.91    -8.10    22.25  8238.25
    300.00   220.05   201.05     8.17    -5.60    20.88  8450.00
    269.42   220.97   195.51     3.17     1.26    14.36  9144.00
    267.00   221.05   195.05     2.92     0.96    13.59  9202.25
    257.06   222.32   194.01     2.14     0.00    10.30  9449.00
    250.00   223.25   193.25     1.70     1.79    10.14  9630.00
    245.32   223.74   193.39     1.64     2.80    10.44  9754.00
    237.00   224.65   193.65     1.54     2.50     9.33  9980.76
    234.23   224.40   193.40     1.53     2.40     8.95 10058.00
    224.00   223.45   192.45     1.46     5.84     5.14 10351.48
    223.61   223.54   192.44     1.44     5.91     4.96 10363.00
    216.00   225.25   192.25     1.15     3.28     7.42 10590.79
    213.49   225.14   192.14     1.14     2.13     7.96 10668.00
    207.00   224.85   191.85     1.13     3.83     7.57 10871.71
    200.00   227.65   192.65     0.94     5.62     6.70 11100.00
    194.69   227.25   192.65     0.98     3.26     7.00 11278.00
    187.00   226.65   192.65     1.05     6.36     2.45 11544.88
    185.96   226.92   192.70     1.03     6.46     1.73 11582.00
    178.00   229.05   193.05     0.86     7.33     4.11 11872.39
    171.00   227.45   192.45     0.93     7.37     6.74 12139.24
    169.65   227.52   192.46     0.93     7.28     7.28 12192.00
    162.04   227.94   192.53     0.89     9.81     5.66 12497.00
    154.77   228.36   192.60     0.86    10.14     1.79 12802.00
    150.00   228.65   192.65     0.84    11.13     4.05 13010.00
    141.29   228.76   192.76     0.85     9.68     3.52 13411.00
    135.00   228.85   192.85     0.85     9.63     1.70 13716.50
    129.00   228.65   192.65     0.84     9.81     5.66 14021.00
    123.26   228.44   192.44     0.83    11.66     2.06 14326.00
    113.00   228.05   192.05     0.82    12.58     5.69 14907.78
    112.54   228.25   192.07     0.80    12.60     5.87 14935.00
    108.00   230.25   192.25     0.67    13.63     2.74 15211.78
    107.55   230.04   192.19     0.67    13.69     2.41 15240.00
    105.00   228.85   191.85     0.72    13.93     3.81 15401.34
    102.78   229.88   192.14     0.68    14.03     5.11 15545.00
    102.00   230.25   192.25     0.67    15.08     4.67 15596.40
    100.00   230.05   192.05     0.66    17.75     3.13 15730.00
     98.23   230.06   192.01     0.65    17.75     3.13 15850.00
     70.00   230.25   191.25     0.56    30.25     2.65 18130.00
     50.00   230.05   191.05     0.56    24.20    -0.00 20380.00
     30.00   229.05   190.05     0.53    31.83     8.53 23800.00
     20.00   231.45   190.45     0.44    44.10     3.86 26530.00
     10.20   235.92   193.95     0.49    47.15     8.31 31163.72
     10.00   236.05   194.05     0.49    44.61     7.87 31300.00
