
 SNPARM = PRES;TMPK;DWPK;RELH;UWND;VWND;HGHT                                    

 STID = LBSF          STNM =    15614    TIME = 200705/1200         
 SLAT =  42.65     SLON =    23.38   SELV =   595.0
 STIM =  1200

      PRES     TMPK     DWPK     RELH     UWND     VWND     HGHT
    945.00   300.15   289.15    50.95     2.00    -0.00   595.00
   1000.00 -9999.00 -9999.00 -9999.00 -9999.00 -9999.00    90.00
    925.00   296.55   287.55    56.97     0.26    -2.99   776.00
    901.00   293.55   287.55    68.43    -0.20    -2.68  1004.99
    850.00   288.95   286.15    83.43    -0.85    -1.81  1506.00
    816.00   285.75   285.75   100.00    -0.75    -2.08  1851.69
    765.00   282.35   282.35   100.00    -0.50    -2.49  2391.71
    762.00   282.35   279.45    82.06    -0.49    -2.52  2424.35
    744.00   280.75   280.15    95.98    -0.37    -2.66  2622.35
    711.00   279.75   273.75    65.52    -0.10    -2.92  2996.12
    700.00   278.75   272.75    65.29    -0.00    -3.00  3124.00
    671.00   276.06   271.25    70.60    -0.00    -0.00  3467.50
    647.00   273.75   269.95    75.67    -0.40    -0.81  3763.19
    627.00   273.05   263.05    46.89    -1.26    -1.11  4015.29
    617.00   271.85   270.05    87.55    -1.80    -1.03  4143.93
    605.00   270.45   269.85    95.63    -2.46    -0.70  4300.43
    548.00   265.52   264.83    94.75    -2.87     4.10  5079.02
    545.00   265.25   264.55    94.70    -2.87     4.45  5122.22
    535.00   265.25   259.25    62.05    -2.69     5.69  5266.40
    528.00   264.74   258.74    61.92    -2.39     6.58  5368.75
    524.00   264.45   258.45    61.84    -2.34     5.94  5427.85
    517.00   264.05   249.05    28.51    -2.18     4.84  5532.08
    515.00   263.85   248.85    28.45    -2.11     4.53  5562.03
    507.00   263.05   248.05    28.19    -1.72     2.95  5682.99
    506.00   262.85   248.85    30.78    -1.65     2.75  5698.21
    500.00   262.05   250.05    36.49    -1.15     1.64  5790.00
    479.00   259.65   232.65     8.31    -1.08     2.91  6117.43
    445.00   255.32   238.02    20.54     0.44     4.98  6670.33
    434.00   253.85   239.85    27.85    -1.40     5.22  6858.29
    418.00   251.72   231.51    14.38    -4.24     4.24  7135.87
    416.00   251.45   230.45    13.15    -4.56     4.23  7171.31
    414.00   251.65   243.65    48.46    -4.89     4.19  7206.77
    409.00   251.85   247.75    69.49    -5.72     4.02  7296.27
    400.00   251.05   248.45    79.38    -7.25     3.38  7460.00
    398.00   250.85   248.65    82.25    -7.30     3.28  7496.92
    388.00   249.48   246.09    73.55    -7.52     2.74  7683.05
    375.00   247.65   242.65    62.92    -6.17     3.46  7932.33
    374.00   247.50   242.62    63.57    -6.06     3.50  7951.53
    367.00   246.43   242.37    68.44    -3.86     4.60  8087.38
    359.00   245.19   242.08    74.68    -4.24     4.24  8245.84
    342.00   242.45   241.45    90.90    -3.08    10.26  8594.65
    341.00   242.38   241.02    87.81    -2.85    10.63  8615.45
    331.00   241.65   236.65    61.25    -2.24     9.62  8826.81
    326.00   241.05   237.25    68.90    -1.96     9.09  8934.59
    322.00   241.25   211.25     3.48    -1.74     8.66  9021.91
    316.00   240.25   234.25    54.93    -1.44     7.99  9154.74
    315.00   240.12   221.49    13.74    -1.39     7.88  9177.05
    313.00   239.85   195.85     0.44    -1.16     8.97  9221.90
    305.00   239.45   211.45     4.25     0.75    13.27  9403.87
    300.00   239.65   211.65     4.28     2.78    15.76  9520.00
    281.00   238.10   208.39     3.23     6.34    13.59  9974.98
    278.00   237.85   207.85     3.08     6.84    14.68 10049.62
    271.00   236.65   224.65    27.83     8.04    17.25 10225.86
    269.00   236.25   231.25    59.66     8.39    17.99 10276.88
    264.00   234.85   230.85    65.91     9.27    19.88 10405.63
    262.00   234.65   229.85    60.46     9.63    20.65 10457.64
    260.00   235.65   207.65     3.74     9.99    21.42 10510.13
    259.00   236.65   193.65     0.43    10.17    21.81 10536.63
    250.00   235.85   203.85     2.16    11.83    25.38 10780.00
    236.00   234.80   201.93     1.83    14.00    24.25 11176.80
    234.00   234.65   201.65     1.78    14.05    23.95 11235.40
    220.00   231.85   199.85     1.83    14.28    21.77 11656.58
    212.00   230.92   198.53     1.66    14.34    20.48 11906.64
    200.00   229.45   196.45     1.41    11.00    19.05 12300.00
    180.00   226.34   194.31     1.42     5.95    22.22 12999.28
    163.00   223.41   192.30     1.43    14.91    21.30 13657.71
    161.00   223.05   192.05     1.43    14.66    20.93 13739.65
    150.00   220.45   190.45     1.49    13.19    18.84 14200.00
    143.00   218.83   190.24     1.74    11.47    16.38 14505.50
    131.00   215.85   189.85     2.35     9.72    20.85 15065.79
    126.00   214.99   189.42     2.44    10.90    15.56 15308.51
    120.00   213.90   188.88     2.55     5.81    15.97 15612.83
    100.00   209.85   186.85     3.04    10.34     3.76 16750.00
     94.89   208.24   186.25     3.39     6.58     2.39 17069.00
     90.26   206.70   185.67     3.78     2.11     4.53 17374.00
     90.10   206.65   185.65     3.79     4.00     6.93 17384.47
     85.86   207.22   185.46     3.39     3.50     6.06 17678.00
     81.66   207.82   185.26     3.02     1.04     5.91 17983.00
     73.87   209.01   184.86     2.39     6.00    -0.00 18593.00
     70.25   209.61   184.66     2.13    -0.44     4.98 18898.00
     70.00   209.65   184.65     2.12     1.15     1.64 18920.00
     66.89   210.43   184.89     1.99     1.29     4.83 19202.00
     63.69   211.28   185.16     1.87    -3.83     3.21 19507.00
     57.73   212.97   185.68     1.65    -1.39     7.88 20117.00
     54.96   213.82   185.94     1.55    -2.54     5.44 20422.00
     52.34   214.66   186.21     1.46    -3.00     5.20 20726.00
     50.00   215.45   186.45     1.38    -8.49     8.49 21010.00
