
 SNPARM = PRES;TMPK;DWPK;RELH;UWND;VWND;HGHT                                    

 STID = PHTO          STNM =    91285    TIME = 200702/1200         
 SLAT =  19.72     SLON =  -155.05   SELV =    12.0
 STIM =  1200

      PRES     TMPK     DWPK     RELH     UWND     VWND     HGHT
   1015.00   294.55   291.95    85.13    -0.00    -0.00    12.00
   1009.00   295.95   291.35    75.28    -0.03    -0.82    63.25
   1004.00   296.35   292.45    78.71    -0.10    -1.50   106.33
   1000.00   296.55   292.95    80.22    -0.18    -2.05   141.00
    990.00   296.15   291.75    76.26    -0.47    -2.57   228.96
    981.36   295.59   291.27    76.56    -0.80    -2.98   305.00
    947.46   293.34   289.35    77.78    -0.36    -4.10   610.00
    927.00   291.95   288.15    78.57    -1.62    -3.79   799.41
    925.00   291.75   287.95    78.54    -1.74    -3.73   818.00
    918.00   291.75   286.85    73.14    -1.96    -3.62   883.32
    914.70   291.51   286.76    73.84    -2.06    -3.57   914.00
    882.53   289.09   285.88    81.24    -3.31    -3.95  1219.00
    850.00   286.55   284.95    90.04    -4.73    -3.97  1539.00
    821.18   284.92   283.66    91.98    -5.06    -3.54  1829.00
    808.00   284.15   283.05    92.92    -5.62    -3.94  1965.10
    794.00   283.75   278.95    72.18    -6.23    -4.36  2111.22
    791.84   284.07   278.09    66.53    -6.32    -4.43  2134.00
    790.00   284.35   277.35    62.04    -6.43    -4.45  2153.42
    785.00   284.75   276.75    57.92    -6.72    -4.50  2206.55
    778.00   286.15   267.15    26.13    -7.14    -4.56  2281.66
    773.00   286.75   262.75    17.85    -7.45    -4.59  2335.85
    763.66   286.63   259.73    14.12    -8.03    -4.63  2438.00
    757.00   286.55   257.55    11.87    -8.14    -5.17  2511.67
    736.48   287.43   247.49     4.69    -8.28    -6.95  2743.00
    729.00   287.75   243.75     3.25    -7.02    -6.83  2828.88
    720.00   287.15   246.15     4.22    -5.58    -6.50  2933.51
    712.00   286.15   262.15    17.70    -4.38    -6.03  3027.41
    710.25   286.12   261.25    16.51    -4.14    -5.91  3048.00
    700.00   285.95   255.95    10.80    -4.37    -4.37  3170.00
    695.00   285.55   257.55    12.67    -4.47    -3.76  3230.00
    684.86   285.74   252.47     8.14    -4.46    -2.57  3353.00
    674.00   285.95   246.95     4.91    -5.15    -2.72  3486.76
    660.27   284.86   248.42     6.03    -6.06    -2.83  3658.00
    632.00   282.55   251.55     9.28    -3.11    -2.88  4022.28
    613.35   280.50   250.07     9.37    -1.47    -2.11  4267.00
    569.21   275.38   246.37     9.60    -0.00    -3.60  4877.00
    569.00   275.35   246.35     9.60     0.01    -3.60  4880.00
    554.00   273.75   251.75    17.45     0.89    -3.16  5094.79
    528.00   272.25   231.25     2.71     1.86    -1.96  5479.00
    500.00   268.25   234.25     5.00     1.99    -0.53  5910.00
    488.16   266.74   232.74     4.79    -0.18    -1.01  6096.00
    456.00   262.45   228.45     4.24    -3.57     0.94  6624.69
    436.00   260.45   220.45     2.01    -1.20     5.31  6967.54
    433.57   260.37   219.17     1.74    -0.49     5.64  7010.00
    424.00   260.05   214.05     0.95     0.32     5.51  7179.89
    400.00   256.65   211.65     0.92     2.18     4.67  7620.00
    370.00   251.85   212.85     1.62     2.41     4.76  8200.65
    332.00   245.05   226.05    14.48     2.76     4.88  8989.39
    324.90   244.02   219.25     7.26     2.83     4.90  9144.00
    321.00   243.45   215.45     4.82     2.76     4.94  9230.49
    305.00   241.25   212.25     3.96     2.48     5.09  9593.47
    300.00   240.05   215.05     6.34     2.39     5.13  9710.00
    292.00   238.25   219.25    12.66     2.51     5.39  9900.23
    285.43   237.03   217.16    11.10     2.61     5.60 10058.00
    273.14   234.67   213.12     8.50     6.16    -0.54 10363.00
    263.00   232.65   209.65     6.67     7.84    -1.28 10625.01
    261.34   232.30   210.17     7.41     8.11    -1.43 10668.00
    250.00   229.85   213.85    15.46     9.23    -0.81 10970.00
    234.00   225.85   211.85    18.54     9.17    -1.38 11410.98
    227.95   224.40   210.40    18.07     9.13    -1.61 11582.00
    213.00   220.65   206.65    16.83    11.99     2.48 12025.24
    207.54   219.83   203.35    11.70    12.57     4.58 12192.00
    200.00   218.65   198.65     6.76    14.51     5.28 12430.00
    193.00   217.65   194.65     4.12    14.38     3.56 12657.44
    188.65   216.60   194.08     4.27    14.19     2.50 12802.00
    184.00   215.45   193.45     4.46    13.32     3.93 12960.07
    175.00   214.65   184.65     1.11    11.17     6.29 13275.68
    171.22   213.77   183.77     1.06    10.12     7.09 13411.00
    162.99   211.79   181.79     0.95    15.00     5.46 13716.00
    150.00   208.45   178.45     0.78    13.38    -0.00 14230.00
    147.63   207.85   178.30     0.82     9.13    -1.61 14326.00
    140.38   205.93   177.82     0.97     7.18    -0.63 14630.00
    135.00   204.45   177.45     1.11     4.68     3.11 14866.10
    133.45   204.20   177.20     1.10     3.64     3.64 14935.00
    129.00   203.45   176.45     1.05     1.32     3.91 15137.25
    126.76   202.69   176.11     1.10     0.31     3.59 15240.00
    114.25   198.15   174.09     1.42    -0.00    -0.00 15850.00
    114.00   198.05   174.05     1.43    -0.02    -0.32 15862.95
    111.00   198.45   175.45     1.79    -3.59    -2.27 16017.56
    108.41   197.95   175.23     1.85    -7.46     2.00 16154.00
    102.00   196.65   174.65     2.01    -1.87     0.87 16506.06
    100.00   196.85   175.85     2.48    -1.52    -0.27 16620.00
     70.00   204.45 -9999.00 -9999.00   -10.30     0.00 18710.00
     50.00   211.65 -9999.00 -9999.00    -6.66     0.58 20770.00
     30.00   216.85 -9999.00 -9999.00   -25.13    -2.20 23950.00
     20.00   224.25 -9999.00 -9999.00   -21.80    -3.84 26570.00
     10.00   230.85 -9999.00 -9999.00   -20.07    -9.36 31180.00
