
 SNPARM = PRES;TMPK;DWPK;RELH;UWND;VWND;HGHT                                    

 STID = PADQ          STNM =    70350    TIME = 200102/1200         
 SLAT =  57.74     SLON =  -152.49   SELV =     5.0
 STIM =  1200

      PRES     TMPK     DWPK     RELH     UWND     VWND     HGHT
   1001.00   258.25   252.25    60.21     0.59     0.84     5.00
   1000.00   259.05   251.05    50.78     0.59     0.84    14.00
    998.00   259.45   250.45    46.62     0.69     0.94    29.21
    983.00   258.85   249.85    46.43     1.57     1.51   144.24
    962.26   257.43   248.85    47.73     3.12     1.80   305.00
    934.00   255.45   247.45    49.66     5.62     1.90   529.62
    925.00   254.65   247.65    54.12     6.46     1.73   602.00
    924.00   254.57   247.63    54.36     6.46     1.73   610.00
    886.75   251.67   246.77    64.55     6.69    -0.00   914.00
    869.00   250.25   246.35    70.40     9.67     0.82  1063.42
    850.70   249.29   244.81    66.52    12.67     2.23  1219.00
    850.00   249.25   244.75    66.37    12.82     1.12  1225.00
    815.64   247.19   242.99    67.77    11.16    -1.97  1524.00
    794.00   245.85   241.85    68.72     9.67     0.46  1718.89
    784.00   246.25   241.25    62.54     8.81     1.36  1810.18
    781.94   246.15   241.16    62.60     8.62     1.52  1829.00
    749.37   244.48   239.73    63.60     4.63     5.52  2134.00
    730.00   243.45   238.85    64.24     7.09     7.58  2321.67
    718.17   243.11   237.33    57.06     8.74     8.74  2438.00
    716.00   243.05   237.05    55.81     8.61     8.44  2459.55
    713.00   243.85   235.85    45.87     8.43     8.02  2489.47
    703.00   244.45   235.45    41.65     7.73     6.68  2590.41
    700.00   244.25   235.25    41.58     7.49     6.29  2621.00
    688.10   243.45   234.78    42.73     8.44     5.91  2743.00
    665.00   241.85   233.85    45.19     5.86     2.02  2986.11
    659.22   242.62   231.73    33.67     4.97     1.33  3048.00
    659.00   242.65   231.65    33.29     4.95     1.34  3050.41
    631.36   241.15   230.15    32.75     1.69     1.18  3353.00
    605.00   239.65   228.65    32.22     2.07     2.92  3654.20
    604.67   239.62   228.64    32.29     2.06     2.95  3658.00
    578.90   237.14   228.07    38.76     3.57     2.06  3962.00
    578.00   237.05   228.05    39.02     3.88     2.25  3972.87
    571.00   237.65   224.65    25.18     6.26     3.84  4057.57
    557.00   237.05   220.05    15.69    10.86     7.44  4230.11
    555.00   237.25   218.25    12.39    11.50     8.00  4255.09
    554.05   237.88   216.05     8.89    11.80     8.27  4267.00
    552.00   239.25   211.25     4.22    11.39     8.10  4292.90
    530.26   237.54   211.57     5.21     7.10     5.96  4572.00
    507.47   235.68   211.93     6.58     7.18     0.63  4877.00
    500.00   235.05   212.05     7.13     3.95     3.31  4980.00
    485.37   233.57   211.53     7.76     3.09     5.35  5182.00
    464.16   231.34   210.76     8.86     5.30     6.31  5486.00
    456.00   230.45   210.45     9.35     7.00     3.26  5606.63
    445.00   230.45   208.45     7.16     9.18     2.65  5771.11
    443.69   230.78   208.04     6.54     9.45     2.53  5791.00
    438.00   232.25   206.25     4.39     8.45     1.60  5878.32
    424.09   230.88   205.86     4.80     5.66    -0.00  6096.00
    410.00   229.45   205.45     5.29     7.33     1.96  6324.05
    405.33   229.91   204.99     4.71     7.74     2.82  6401.00
    400.00   230.45   204.45     4.13     7.25     2.64  6490.00
    392.00   231.05   204.05     3.66     4.82     1.75  6626.19
    387.38   230.69   203.69     3.61     3.38     1.23  6706.00
    372.00   229.45   202.45     3.46     4.87     2.45  6978.44
    359.00   231.65   201.65     2.44     5.95     3.81  7218.02
    353.92   231.89   201.39     2.28     6.32     4.43  7315.00
    338.40   232.66   200.56     1.87     5.91     4.96  7620.00
    323.56   233.43   199.72     1.52     2.13     7.96  7925.00
    312.00   234.05   199.05     1.29     7.49     5.13  8172.52
    309.38   233.79   198.79     1.28     8.40     3.92  8230.00
    300.00   232.85   197.85     1.22     6.96     1.87  8440.00
    295.91   232.61   197.61     1.21     7.10     1.25  8534.00
    290.00   232.25   197.25     1.19     6.39     2.79  8671.93
    287.00   232.45   196.45     1.03     5.90     3.49  8743.01
    286.00   234.25   197.25     0.96     5.72     3.71  8766.97
    283.03   234.25   196.96     0.92     5.12     4.30  8839.00
    276.00   234.25   196.25     0.83     7.45     4.56  9012.24
    270.74   233.62   196.10     0.86     9.33     4.35  9144.00
    255.00   231.65   195.65     0.99     9.99     6.37  9554.58
    250.00   233.25   195.25     0.78    10.12     7.09  9690.00
    247.67   233.57   195.41     0.78     8.60    10.25  9754.00
    236.91   235.12   196.18     0.75    11.15     6.43 10058.00
    236.00   235.25   196.25     0.75    11.14     6.54 10084.40
    225.00   234.45   195.45     0.71    10.92     7.88 10411.89
    219.00   235.85   195.85     0.66    10.73     8.64 10597.58
    216.76   235.60   195.71     0.66    10.65     8.93 10668.00
    207.33   234.52   195.13     0.67    12.48     7.20 10973.00
    200.00   233.65   194.65     0.68    12.31     1.08 11220.00
    199.00   233.45   194.45     0.68    12.01     1.05 11254.23
    198.31   233.76   194.59     0.67    11.79     1.03 11278.00
    195.00   235.25   195.25     0.64    11.23     0.79 11393.34
    185.00   234.85   194.85     0.62     9.42     0.18 11755.09
    182.00   236.05   195.05     0.57     8.85     0.02 11867.63
    181.49   235.97   195.01     0.57     8.75    -0.00 11887.00
    173.57   234.77   194.41     0.59    10.12     7.09 12192.00
    158.77   232.35   193.20     0.62     8.93    10.65 12802.00
    157.00   232.05   193.05     0.63    10.61    10.14 12878.69
    152.00   234.25   194.25     0.60    15.27     7.30 13099.29
    151.85   234.25   194.25     0.60    15.40     7.18 13106.00
    150.00   234.25   194.25     0.60     9.68     3.52 13190.00
    142.00   235.25   194.25     0.54     7.59     4.51 13566.90
    138.94   234.57   194.02     0.56     6.75     4.73 13716.00
    132.89   233.18   193.56     0.60     8.86     4.13 14021.00
    129.00   232.25   193.25     0.63     9.86     2.96 14224.36
    121.53   231.92   192.92     0.62    11.33    -0.00 14630.00
    120.00   231.85   192.85     0.62    10.45     0.26 14715.98
    116.21   233.10   192.85     0.54     8.21     0.72 14935.00
    114.00   233.85   192.85     0.50     8.87     2.14 15065.86
    111.13   233.50   192.69     0.51     9.33     4.35 15240.00
    106.27   232.89   192.42     0.52     9.70     6.79 15545.00
    100.00   232.05   192.05     0.53    12.92     3.46 15960.00
     97.19   232.10   192.02     0.53    12.92     3.46 16154.00
     70.00   232.65   191.65     0.47     9.33     4.35 18390.00
     50.00   230.25   190.25     0.48     4.43     6.32 20650.00
     30.00   230.85   189.85     0.42     5.35    -3.09 24120.00
     20.00   231.25   190.25     0.43     9.07    -7.61 26860.00
     10.00   237.05   194.05     0.44    10.54    -7.38 31610.00
      8.70   234.85   192.85     0.45    13.41   -11.25 32571.87
