
 SNPARM = PRES;TMPK;DWPK;RELH;UWND;VWND;HGHT                                    

 STID = PHTO          STNM =    91285    TIME = 200106/1200         
 SLAT =  19.72     SLON =  -155.05   SELV =    12.0
 STIM =  1200

      PRES     TMPK     DWPK     RELH     UWND     VWND     HGHT
   1020.00   294.15   292.25    88.90    -0.00    -0.00    12.00
   1013.00   296.35   290.35    68.98    -0.26    -1.22    72.79
   1010.00   296.35   289.35    64.74    -0.54    -1.71    99.06
   1000.00   295.35   289.35    68.79    -2.06    -2.95   187.00
    986.42   294.51   288.82    70.03    -1.58    -4.35   305.00
    952.18   292.33   287.46    73.39    -4.30    -5.12   610.00
    925.00   290.55   286.35    76.35    -4.73    -4.73   860.00
    919.15   290.12   286.06    77.03    -4.73    -4.73   914.00
    886.78   287.66   284.45    81.04    -8.03    -4.63  1219.00
    875.00   286.75   283.85    82.62    -7.90    -4.85  1332.79
    850.00   285.15   282.85    85.82    -7.59    -5.32  1577.00
    838.00   284.15   282.45    89.25    -8.01    -5.13  1696.10
    824.78   283.96   282.54    90.96    -8.47    -4.89  1829.00
    824.00   283.95   282.55    91.06    -8.40    -4.90  1836.93
    815.00   282.95   280.35    83.85    -7.62    -5.00  1928.52
    802.00   281.55   279.95    89.66    -6.50    -5.01  2061.99
    795.04   281.13   279.53    89.62    -5.91    -4.96  2134.00
    779.00   280.15   278.55    89.55    -5.81    -5.91  2302.28
    770.00   278.95   276.55    84.56    -5.69    -6.47  2397.75
    766.21   278.45   274.14    73.75    -5.62    -6.70  2438.00
    755.00   276.95   266.95    48.04    -5.99    -5.81  2558.27
    751.00   276.95   264.95    41.18    -6.10    -5.48  2601.41
    746.00   277.75   265.75    41.42    -6.20    -5.07  2655.74
    744.00   277.95   266.95    44.79    -6.24    -4.91  2677.61
    740.00   278.55   273.65    70.67    -6.30    -4.59  2721.63
    738.07   278.42   272.81    67.11    -6.32    -4.43  2743.00
    737.00   278.35   272.35    65.20    -6.50    -4.50  2754.84
    733.00   278.35   275.95    84.49    -7.15    -4.77  2799.34
    726.00   277.75   275.05    82.63    -8.32    -5.18  2877.73
    721.00   277.75   270.75    60.44    -9.19    -5.43  2934.09
    716.00   277.35   270.35    60.34   -10.08    -5.65  2990.78
    712.00   278.15   256.15    18.60   -10.81    -5.80  3036.40
    708.00   278.55   249.55    10.23   -11.55    -5.92  3082.34
    700.00   278.35   248.35     9.32   -13.06    -6.09  3175.00
    692.00   278.55   250.55    11.18   -14.33    -5.90  3268.95
    684.88   277.76   250.86    12.13   -15.48    -5.63  3353.00
    660.00   274.95   251.95    16.29   -15.00    -5.46  3653.60
    659.64   274.92   251.90    16.24   -15.00    -5.46  3658.00
    611.31   270.91   244.32    10.98   -11.15    -6.43  4267.00
    606.00   270.45   243.45    10.47   -11.16    -7.20  4336.87
    593.00   271.45   222.45     1.09   -10.97    -9.17  4509.29
    566.20   270.49   221.49     1.04    -9.45   -13.49  4877.00
    565.00   270.45   221.45     1.04    -9.38   -13.57  4893.80
    500.00   262.85   231.85     5.91    -4.66   -17.41  5850.00
    484.03   260.81   229.81     5.60    -2.95   -16.73  6096.00
    443.00   255.25   224.25     4.79    -0.89   -16.73  6767.23
    403.00   249.25   230.25    15.63     1.27   -16.44  7465.54
    400.00   249.05   230.05    15.58     1.44   -16.41  7520.00
    394.44   248.29   228.68    14.38     1.35   -15.38  7620.00
    377.95   245.96   224.48    11.17     3.60   -13.43  7925.00
    362.16   243.63   220.29     8.53    -1.48   -16.93  8230.00
    333.00   239.05   212.05     4.78     1.65   -19.92  8829.56
    318.18   236.26   212.52     6.70     3.75   -21.29  9144.00
    304.44   233.54   212.97     9.36     5.20   -19.40  9449.00
    302.00   233.05   213.05     9.96     5.05   -18.85  9504.68
    300.00   233.05   213.05     9.96     4.93   -18.40  9550.00
    294.00   233.85   208.85     5.29     7.37   -17.26  9688.24
    278.44   231.21   199.61     1.89    12.74   -12.74 10058.00
    273.00   230.25   196.25     1.26    15.59   -15.10 10192.29
    267.00   230.25   196.25     1.26    18.88   -17.64 10342.27
    263.00   232.25   197.25     1.19    21.18   -19.30 10444.58
    260.00   232.85   196.85     1.05    22.95   -20.53 10522.78
    250.00   232.05   195.05     0.86    29.19   -24.49 10790.00
    249.00   231.65   195.65     0.99    29.65   -24.72 10817.12
    246.00   232.45   195.45     0.88    31.06   -25.42 10899.21
    241.00   232.05   195.05     0.86    33.48   -26.53 11038.39
    223.00   228.16   193.59     1.04    43.01   -30.12 11558.62
    222.22   227.98   193.52     1.04    43.01   -30.12 11582.00
    219.00   227.25   193.25     1.08    42.14   -28.65 11679.93
    211.00   227.05   193.05     1.07    39.78   -25.04 11926.62
    202.69   225.73   190.90     0.87    37.01   -21.36 12192.00
    201.00   225.45   190.45     0.84    37.01   -21.36 12247.20
    200.00   225.25   190.25     0.83    37.01   -21.36 12280.00
    182.00   219.65   186.65     0.86    37.26   -18.76 12893.48
    177.00   218.85   185.85     0.82    37.30   -18.00 13072.08
    150.00   210.05   181.05     1.04    37.25   -13.56 14110.00
    142.00   207.25   181.25     1.57    37.26    -9.25 14445.72
    139.00   207.05   181.05     1.55    37.13    -7.61 14575.58
    130.95   204.67   180.65     2.00    36.41    -3.19 14935.00
    127.00   203.45   180.45     2.29    35.88    -6.99 15119.61
    124.46   203.19   180.19     2.26    35.30    -9.46 15240.00
    118.24   202.52   179.52     2.19    32.66   -15.23 15545.00
    114.00   202.05   179.05     2.14    29.95   -14.66 15762.37
    108.00   199.65   177.65     2.32    25.99   -13.65 16081.18
    100.00   197.65   177.65     3.14    20.51   -11.84 16530.00
     86.50   194.45   176.45     4.07    21.88    -5.86 17361.53
     70.00   199.25   179.25     3.37     4.34    -3.64 18580.00
     50.00   206.65   183.65     2.65    -0.54     3.04 20570.00
     30.00   217.45   185.45     0.90    -2.11    -1.47 23700.00
     20.00   217.25   185.25     0.89    -0.67    -2.48 26280.00
     10.00   224.65   190.65     0.95   -16.05    -9.26 30770.00
