
 SNPARM = PRES;TMPK;DWPK;RELH;UWND;VWND;HGHT                                    

 STID = LMN           STNM =    74646    TIME = 200704/0600         
 SLAT =  36.62     SLON =   -97.48   SELV =   317.0
 STIM =   600

      PRES     TMPK     DWPK     RELH     UWND     VWND     HGHT
    979.00   297.75   293.45    76.98    -0.53    -1.99   317.00
   1000.00 -9999.00 -9999.00 -9999.00 -9999.00 -9999.00   126.00
    952.00   300.15   290.15    54.30    -5.78    -2.67   561.92
    946.79   299.81   290.19    55.55    -6.96    -1.87   610.00
    925.00   298.35   290.35    61.18    -4.97    -1.33   814.00
    914.46   297.56   290.31    63.96    -4.10    -0.36   914.00
    883.06   295.17   290.19    73.36    -1.26    -0.88  1219.00
    852.73   292.77   290.06    84.36    -0.59    -0.84  1524.00
    850.00   292.55   290.05    85.46     0.27    -1.52  1552.00
    834.00   291.55   289.05    85.36     2.33    -2.83  1716.11
    823.06   290.89   288.70    87.05     4.46    -2.57  1829.00
    794.20   289.09   287.77    91.85     7.74    -2.82  2134.00
    766.45   287.31   286.84    97.02    11.44    -3.06  2438.00
    758.00   286.75   286.55    98.71    11.89    -3.19  2532.70
    739.35   285.15   284.69    96.97    12.92    -3.46  2743.00
    737.00   284.95   284.45    96.75    12.84    -3.65  2769.91
    717.00   284.35   276.35    57.82    12.02    -5.20  3000.80
    700.00   282.55   274.55    57.36    11.15    -6.43  3201.00
    693.00   281.75   274.75    61.42    10.70    -6.64  3284.33
    662.20   279.37   266.41    38.95     8.68    -7.28  3658.00
    647.00   278.15   262.15    30.38     8.07   -10.52  3848.80
    638.06   277.13   265.58    42.70     7.21   -12.48  3962.00
    633.00   276.55   267.55    51.72     8.06   -12.85  4026.79
    614.37   275.13   264.10    43.84    11.58   -13.80  4267.00
    571.00   271.65   255.65    28.40    12.86   -15.33  4855.48
    569.46   271.80   253.51    23.41    12.91   -15.38  4877.00
    561.00   272.65   241.65     7.51    10.59   -15.62  4996.35
    560.00   272.65   242.65     8.26    10.32   -15.63  5010.60
    543.00   271.65   255.65    28.40     5.91   -15.12  5256.41
    533.00   272.05   232.05     3.00     3.58   -14.29  5404.45
    527.53   271.40   234.95     4.24     2.41   -13.69  5486.00
    500.00   268.05   250.05    22.90     3.17    -8.71  5910.00
    493.00   267.25   243.25    13.07     3.73    -8.81  6020.35
    488.23   266.58   245.71    17.31     4.13    -8.86  6096.00
    472.00   264.25   254.25    44.19     5.98    -6.59  6358.70
    469.43   264.34   250.06    30.50     6.19    -6.19  6401.00
    466.00   264.45   244.45    18.16     6.14    -6.39  6457.62
    451.00   263.45   222.45     2.00     5.88    -7.33  6710.09
    447.00   263.05   224.05     2.48     5.79    -7.58  6778.64
    404.00   255.85   224.85     4.88     4.10   -10.39  7545.65
    400.00   255.45   224.45     4.82     3.88   -10.65  7620.00
    384.01   254.78   218.16     2.44     7.09   -10.12  7925.00
    372.00   254.25   213.25     1.39     7.03   -13.62  8162.72
    353.52   251.41   219.01     3.62     5.20   -19.40  8534.00
    325.13   246.74   228.46    16.18    10.81   -18.72  9144.00
    300.00   242.25   237.55    63.28    15.88   -18.93  9730.00
    298.99   242.05   237.41    63.61    17.54   -20.90  9754.00
    295.00   241.25   236.85    64.93    16.91   -20.52  9849.20
    273.00   237.65   223.65    22.47    13.46   -18.18 10393.54
    266.00   236.05   228.05    43.15    12.37   -17.33 10573.98
    262.38   235.21   227.21    42.84    11.81   -16.87 10668.00
    250.00   232.25   224.25    41.77    16.38   -16.38 11000.00
    242.00   230.85   218.85    25.76    16.96   -16.96 11219.49
    239.89   230.32   219.72    30.22    17.11   -17.11 11278.00
    231.00   228.05   223.45    59.76    15.90   -17.49 11530.60
    213.00   223.05   219.95    69.60    13.32   -18.05 12063.92
    208.82   221.91   218.45    66.34    12.70   -18.14 12192.00
    205.00   220.85   217.05    63.36    11.69   -16.69 12311.56
    200.00   219.45   215.45    61.38    10.34   -14.76 12470.00
    183.00   216.45   211.45    53.07     6.31   -14.88 13038.22
    172.53   214.89   193.38     4.73     3.86   -14.42 13411.00
    171.00   214.65   190.65     3.12     5.03   -12.86 13467.27
    164.28   212.63   192.61     5.56     6.70    -5.62 13716.00
    156.40   210.15   195.01    11.27     8.86    -4.13 14021.00
    150.00   208.05   197.05    20.50     7.10    -5.96 14280.00
    141.00   206.05   195.05    19.75     6.91    -6.95 14653.71
    133.00   204.45   191.45    13.84     6.62    -7.89 15003.42
    127.81   204.31   190.61    12.29     6.62    -7.89 15240.00
    121.43   204.13   189.53    10.53     2.99    -8.22 15545.00
    115.36   203.95   188.46     8.99     2.18    -4.67 15850.00
    104.13   203.59   186.30     6.52     5.15    -0.00 16459.00
    100.00   203.45   185.45     5.73    -0.00    -5.15 16700.00
     98.94   203.57   185.36     5.54     6.16    -0.54 16764.00
     94.04   204.14   184.93     4.74    -0.00    -5.15 17069.00
     84.96   205.28   184.08     3.46    -0.26     0.44 17678.00
     72.94   206.99   182.80     2.17    -4.14     5.91 18593.00
     70.00   207.45   182.45     1.91     1.28     2.23 18840.00
     69.35   207.56   182.48     1.89    -0.45     5.13 18898.00
     66.02   208.15   182.62     1.79     0.46    -0.22 19202.00
     62.84   208.73   182.77     1.70    -8.92    -5.15 19507.00
     59.82   209.32   182.92     1.62    -5.91    -8.44 19812.00
     56.94   209.91   183.06     1.54    -5.91    -8.44 20117.00
     54.19   210.49   183.21     1.46    -6.96    -1.87 20422.00
     51.59   211.08   183.36     1.39    -8.22    -2.99 20726.00
     50.00   211.45   183.45     1.35    -4.61     0.40 20920.00
     46.82   212.58   183.81     1.24    -4.56    -0.80 21336.00
     44.61   213.41   184.08     1.17    -5.32    -7.59 21641.00
     42.51   214.25   184.34     1.10   -10.96    -7.67 21946.00
     40.52   215.07   184.60     1.04    -4.67    -2.18 22250.00
     38.61   215.90   184.87     0.99    -8.62    -1.52 22555.00
     35.06   217.57   185.40     0.88    -5.52    -4.63 23165.00
     33.41   218.40   185.66     0.84   -14.93     0.00 23470.00
     30.00   220.25   186.25     0.74    -9.19    -3.34 24150.00
