
 SNPARM = PRES;TMPK;DWPK;RELH;UWND;VWND;HGHT                                    

 STID = LBSF          STNM =    15614    TIME = 200103/1200         
 SLAT =  42.65     SLON =    23.38   SELV =   595.0
 STIM =  1200

      PRES     TMPK     DWPK     RELH     UWND     VWND     HGHT
    955.00   277.55   268.55    52.00     0.64    -0.77   595.00
   1000.00 -9999.00 -9999.00 -9999.00 -9999.00 -9999.00   214.00
    925.00   274.35   267.35    59.58     2.72    -1.27   848.00
    916.00   273.75   265.75    55.03     3.82    -1.56   926.61
    909.00   275.70   263.52    40.22     4.70    -1.71   988.67
    901.00   277.95   260.95    27.98     4.28    -2.59  1060.19
    873.00   276.55   255.55    19.79     1.61    -4.73  1316.80
    850.00   275.75   264.75    44.13    -1.29    -4.83  1533.00
    848.00   275.75   264.75    44.13    -1.29    -4.83  1552.04
    846.00   275.69   264.01    41.82    -1.29    -4.83  1571.08
    822.00   274.95   254.95    21.08    -1.46    -5.45  1803.22
    809.00   274.05   257.47    27.79    -1.55    -5.80  1930.94
    781.00   272.05   263.05    50.44    -4.86    -5.67  2213.15
    771.00   271.92   254.94    26.24    -6.13    -5.14  2315.80
    766.00   271.85   250.85    18.52    -6.09    -5.52  2367.63
    745.00   271.25   243.25     9.69    -5.68    -7.19  2588.61
    733.00   270.25   258.25    39.11    -5.27    -8.17  2717.35
    727.00   269.71   257.71    38.94    -5.00    -8.66  2782.14
    709.00   268.05   256.05    38.42    -5.18    -6.96  2979.79
    700.00   267.65   251.65    27.17    -5.14    -6.13  3080.00
    666.00   266.05   242.05    12.79    -7.17    -7.45  3469.78
    648.00   265.05   247.05    22.02    -8.37    -8.07  3683.21
    630.00   263.65   259.95    74.42    -9.66    -8.62  3901.78
    616.00   262.46   257.23    65.42   -10.72    -9.00  4075.13
    609.00   261.85   255.85    61.17   -10.54    -9.80  4163.29
    559.00   256.45   254.55    85.19    -7.35   -15.69  4814.94
    555.00   256.25   249.25    54.59    -6.94   -16.14  4868.96
    552.00   256.05   253.45    80.19    -6.61   -16.47  4909.71
    548.00   255.71   253.34    81.72    -6.16   -16.91  4964.30
    545.00   255.45   253.25    82.90    -6.38   -16.70  5005.50
    535.00   256.05   243.05    31.42    -7.09   -15.97  5144.47
    519.00   255.05   248.05    54.24    -8.13   -14.72  5372.11
    500.00   252.85   246.85    58.71    -9.18   -13.11  5650.00
    491.00   251.85   246.95    64.62    -9.78   -12.93  5783.81
    461.00   249.45   234.45    23.84   -11.86   -12.10  6245.03
    430.00   244.65   235.65    41.71   -14.09   -10.80  6746.90
    421.00   243.80   231.73    30.09   -14.74   -10.32  6897.22
    407.00   242.45   225.45    17.28   -15.29   -10.70  7137.57
    400.00   241.25   225.25    18.95   -15.56   -10.90  7260.00
    347.00   232.22   221.66    31.09   -15.32   -12.86  8231.81
    308.00   224.65   218.65    49.64   -17.00   -10.54  9046.95
    300.00   223.45   215.45    38.45   -17.32   -10.00  9220.00
    284.00   220.65   211.65    32.83   -19.41    -9.25  9573.60
    266.00   217.45   215.45    78.14   -21.88    -8.01  9990.33
    254.00   215.65   208.65    40.47   -23.58    -6.90 10280.78
    250.00   214.65   208.65    45.86   -24.15    -6.47 10380.00
    237.00   211.65   207.65    58.79   -24.94    -5.46 10713.82
    226.00   209.80   203.27    40.74   -25.61    -4.51 11007.29
    224.00   209.45   202.45    37.93   -24.80    -4.37 11062.18
    214.00   207.43   201.40    42.75   -20.68    -3.65 11339.50
    201.00   204.65   199.95    50.74   -14.74   -10.32 11720.06
    200.00   204.65   199.65    48.52   -14.74   -10.32 11750.00
    190.00   205.57   195.22    21.70   -10.93   -13.02 12057.99
    187.00   205.85   193.85    16.79    -9.14   -14.33 12153.55
    186.00   205.68   193.80    17.06    -8.50   -14.72 12185.73
    179.00   204.45   193.45    19.15   -11.00   -19.05 12415.96
    175.00   206.19   191.89    11.67   -14.78   -17.62 12553.04
    168.00   209.33   189.08     4.77   -14.74   -10.32 12800.66
    166.00   210.25   188.25     3.67   -12.70   -11.02 12873.31
    163.00   211.25   189.25     3.82    -9.64   -11.49 12985.75
    155.00   211.57   188.77     3.38    -2.59    -9.66 13297.05
    153.00   211.65   188.65     3.27    -2.74    -7.52 13377.39
    150.00   211.65   188.65     3.27    -4.59    -6.55 13500.00
    146.00   211.89   188.29     2.98    -2.33    -8.69 13668.23
    142.00   212.14   187.92     2.71    -3.38    -7.25 13841.13
    138.00   212.39   187.54     2.46     2.54    -5.44 14018.97
    133.00   212.72   187.05     2.17    -0.00    -6.00 14248.67
    131.00   212.85   186.85     2.06     1.20    -4.25 14342.97
    128.00   212.15   186.73     2.20     1.29    -1.53 14486.76
    124.00   211.19   186.57     2.43     3.21    -3.83 14683.80
    121.00   210.45   186.45     2.62     2.39    -6.58 14835.81
    118.00   210.82   186.56     2.54     5.00    -8.66 14991.77
    115.00   211.20   186.66     2.46     4.10   -11.28 15151.75
    100.00   213.25   187.25     2.09     9.85    -1.74 16020.00
     84.55   214.00   187.06     1.84    10.65    -7.46 17069.00
     80.53   214.22   187.01     1.77    11.82     2.08 17374.00
     73.05   214.66   186.90     1.65    16.42    -4.40 17983.00
     70.00   214.85   186.85     1.60    15.94    -1.39 18250.00
     63.10   214.36   186.36     1.56    20.68    -3.65 18898.00
     57.23   213.89   185.89     1.52    18.13    -8.45 19507.00
     54.50   213.66   185.66     1.50    13.00    -0.00 19812.00
     50.00   213.25   185.25     1.47    18.71    -3.30 20350.00
     49.43   213.36   185.29     1.46    19.92    -1.74 20422.00
     44.88   214.31   185.67     1.39    20.00    -0.00 21031.00
     40.74   215.25   186.05     1.32    16.00    -0.00 21641.00
     38.82   215.73   186.24     1.29    18.35     4.92 21946.00
     31.99   217.62   187.00     1.16    25.90     2.27 23165.00
     30.00   218.25   187.25     1.12    24.15     6.47 23570.00
     20.00   221.65   188.65     0.96    27.25     9.92 26190.00
     17.40 -9999.00 -9999.00 -9999.00    29.44    17.00 -9999.00
