
 SNPARM = PRES;TMPK;DWPK;RELH;UWND;VWND;HGHT                                    

 STID =               STNM =     3808    TIME = 200702/1200         
 SLAT =  50.21     SLON =    -5.31   SELV =    88.0
 STIM =  1100

      PRES     TMPK     DWPK     RELH     UWND     VWND     HGHT
   1005.00   287.95   285.65    86.10     4.84    -1.76    88.00
   1002.00   286.75   284.85    88.29     4.92    -1.51   112.60
   1000.00   286.55   284.65    88.27     4.97    -1.33   129.00
    995.00   286.14   284.43    89.31     6.46    -1.73   170.99
    978.00   284.74   283.66    93.04     6.69    -3.86   315.36
    953.00   282.64   282.50    99.07     8.03    -4.63   532.30
    952.00   282.55   282.45    99.33     8.06    -4.62   541.09
    935.00   282.15   281.35    94.73     8.57    -4.33   690.82
    925.00   281.55   280.85    95.35     8.86    -4.13   780.00
    921.00   281.27   280.71    96.25     8.86    -4.13   815.75
    905.00   280.15   280.15   100.00     8.41    -3.29   960.34
    899.00   279.90   279.81    99.34     8.22    -2.99  1014.89
    882.00   279.20   278.83    97.47     7.17    -5.02  1171.46
    862.00   278.35   277.65    95.23     6.89    -4.82  1359.56
    852.00   277.85   277.32    96.33     6.75    -4.73  1454.81
    850.00   277.75   277.25    96.56     6.75    -4.73  1474.00
    832.00   276.51   276.22    97.95     8.03    -4.63  1648.21
    824.00   275.95   275.75    98.59     7.91    -4.83  1726.85
    807.00   275.15   274.75    97.18     7.64    -5.24  1895.69
    804.00   275.09   274.21    93.90     7.59    -5.32  1925.79
    797.00   274.95   272.95    86.57     7.60    -5.06  1996.47
    778.00   273.40   272.48    93.53     7.58    -4.37  2190.56
    770.00   272.73   272.28    96.71     6.69    -3.86  2273.70
    769.00   272.65   272.25    97.12     6.48    -4.02  2284.15
    766.00   273.15   271.25    87.03     5.85    -4.45  2315.49
    765.00   273.35   271.35    86.41     5.63    -4.57  2325.98
    759.00   273.12   270.84    84.64     4.30    -5.12  2389.14
    752.00   272.85   270.25    82.60     4.17    -4.56  2463.46
    745.00   273.60   267.81    65.15     4.00    -4.00  2538.58
    738.00   274.35   265.35    51.10     4.08    -3.07  2614.40
    732.00   273.99   264.39    48.67     4.01    -2.31  2680.05
    728.00   273.75   263.75    47.10     4.22    -2.44  2724.11
    717.00   272.85   263.85    50.67     4.81    -2.78  2846.21
    707.00   272.30   262.40    47.01     5.35    -3.09  2958.52
    706.00   272.25   262.25    46.65     5.13    -2.96  2969.84
    703.00   272.25   260.45    40.39     4.46    -2.57  3003.85
    701.00   272.25   259.25    36.63     4.16    -2.40  3026.60
    700.00   272.25   259.25    36.63     4.01    -2.31  3038.00
    695.00   272.05   259.05    36.57     4.62    -3.98  3095.15
    693.00   271.92   259.25    37.54     4.73    -4.73  3118.10
    689.00   271.65   259.65    39.55     4.34    -4.54  3164.20
    682.00   271.45   257.45    33.50     3.68    -4.18  3245.43
    678.00   270.97   257.77    35.64     3.31    -3.95  3292.15
    677.00   270.85   257.85    36.20     3.40    -4.00  3303.87
    663.00   269.92   254.59    29.52     4.73    -4.73  3469.26
    659.00   269.65   253.65    27.79     5.20    -4.21  3517.15
    656.00   269.25   255.25    32.81     5.51    -3.79  3553.16
    653.00   269.16   254.31    30.49     5.79    -3.34  3589.29
    649.00   269.05   253.05    27.60     5.69    -3.74  3637.71
    637.00   268.25   254.25    32.50     5.20    -4.91  3784.54
    635.00   268.12   253.79    31.56     5.10    -5.10  3809.16
    625.00   267.46   251.48    27.16     5.48    -3.84  3933.47
    618.00   266.99   249.83    24.36     5.06    -3.54  4021.67
    613.00   266.65   248.65    22.49     6.12    -4.99  4085.28
    612.00   266.65   247.90    21.02     6.31    -5.30  4098.03
    609.00   266.65   245.65    17.12     6.53    -5.35  4136.39
    597.00   265.85   243.85    15.40     7.45    -5.54  4291.49
    590.00   265.45   243.45    15.30     8.01    -5.61  4383.20
    584.00   264.94   248.07    24.37     7.58    -4.37  4462.54
    583.00   264.85   248.85    26.31     7.50    -4.51  4475.84
    578.00   264.45   247.45    23.92     7.07    -5.16  4542.58
    568.00   263.45   248.45    28.32     6.02    -6.35  4677.44
    563.00   263.05   251.05    36.82     5.41    -6.88  4745.59
    560.00   262.85   249.85    33.65     5.02    -7.17  4786.73
    554.00   262.45   249.45    33.52     5.30    -6.96  4869.56
    549.00   261.85   245.85    25.38     5.53    -6.78  4939.15
    547.00   261.65   237.65    11.77     5.62    -6.70  4967.11
    542.00   261.45   237.45    11.72     6.22    -5.54  5037.40
    541.00   261.45   243.45    20.96     6.31    -5.30  5051.53
    540.00   261.25   244.25    22.95     6.05    -5.44  5065.68
    536.00   260.93   240.73    16.86     4.96    -5.91  5122.49
    535.00   260.85   239.85    15.58     4.95    -6.26  5136.76
    530.00   260.25   241.25    18.72     4.64    -8.03  5208.37
    523.00   259.94   231.62     7.29     5.67    -9.81  5309.56
    521.00   259.85   228.85     5.45     5.74    -9.61  5338.72
    500.00   257.25   229.25     7.05     6.29    -7.49  5650.00
    494.00   256.63   228.38     6.75     5.96    -7.10  5740.61
    486.00   255.80   227.20     6.36     2.83    -6.06  5863.14
    482.00   255.38   226.60     6.17     3.05    -6.53  5925.17
    477.00   254.85   225.85     5.94     3.39    -6.56  6003.43
    440.00   249.83   228.44    12.22     6.19    -6.19  6598.76
    430.00   248.39   229.18    15.04     3.70    -7.93  6768.27
    429.00   248.25   229.25    15.36     3.78    -7.89  6785.44
    423.00   247.25   232.25    23.13     4.29    -7.63  6887.72
    422.00   247.10   232.10    23.08     4.38    -7.58  6904.83
    415.00   246.01   231.01    22.73     4.57    -9.80  7025.72
    414.00   245.85   230.85    22.68     4.57    -9.57  7043.15
    411.00   245.45   228.45    18.18     4.53    -8.90  7095.52
    405.00   244.49   228.09    19.10     4.38    -7.58  7200.98
    401.00   243.85   227.85    19.76     4.79    -8.29  7272.16
    400.00   243.65   227.65    19.70     4.89    -8.47  7290.00
    399.00   243.45   226.45    17.58     4.96    -8.59  7307.84
    392.00   242.45   228.45    24.08     5.43    -9.41  7433.67
    390.00   242.05   226.05    19.20     5.57    -9.65  7469.93
    389.00   241.85   230.85    33.00     5.64    -9.77  7488.11
    387.00   241.65   228.65    26.56     5.78   -10.01  7524.58
    385.00   241.47   227.75    24.50     5.92   -10.25  7561.14
    376.00   240.65   223.65    16.75     4.64    -8.03  7728.06
    365.00   239.05   222.05    16.28     6.45    -7.92  7936.45
    364.00   238.91   222.01    16.42     6.62    -7.89  7955.52
    359.00   238.23   221.81    17.17     5.91    -8.44  8051.71
    347.00   236.54   221.33    19.21     6.92    -6.92  8288.12
    345.00   236.25   221.25    19.58     6.20    -7.06  8328.32
    339.00   235.39   219.74    17.88     4.12    -7.14  8448.58
    328.00   233.77   216.91    14.99     5.30    -6.31  8674.68
    318.00   232.25   214.25    12.61     4.60    -8.82  8886.90
    316.00   231.88   214.28    13.15     4.35    -9.33  8929.52
    312.00   231.15   214.33    14.31     4.79   -10.27  9015.57
    306.00   230.02   214.41    16.29     6.20    -8.86  9146.73
    303.00   229.45   214.45    17.41     5.81    -9.12  9213.28
    300.00   228.85   214.85    19.54     5.41    -9.36  9280.00
    293.00   227.45   215.78    25.55     6.50    -9.28  9436.99
    291.00   227.05   216.05    27.63     6.45    -9.29  9482.53
    285.00   225.85   213.85    23.96     6.31    -9.30  9620.15
    258.00   220.45   212.45    37.27     5.62    -9.36 10268.02
    257.00   220.25   212.25    37.19     5.59    -9.36 10292.98
    250.00   219.25   210.25    32.27     5.41    -9.36 10470.00
    245.00   218.45   209.45    31.96     5.33   -10.50 10599.60
    242.00   218.01   209.25    32.84     5.22   -11.20 10678.16
    233.00   216.65   208.65    35.76     3.52    -9.68 10919.83
    231.00   217.25   209.25    36.00     3.48    -7.47 10974.65
    229.00   217.73   207.74    27.72     5.10    -5.10 11030.18
    228.00   217.97   206.98    24.28     7.00    -3.26 11058.13
    226.00   218.45   205.45    18.54     8.71    -3.17 11114.39
    224.00   218.85   205.85    18.68     8.40    -3.91 11171.36
    220.00   220.05   200.05     7.05     7.59    -5.32 11287.26
    215.00   221.05   197.49     4.26    10.14    -1.79 11436.01
    213.00   221.45   196.45     3.47    10.44    -1.60 11496.48
    207.00   224.85   192.85     1.33    11.34    -0.94 11683.37
    200.00   224.65   193.65     1.54    12.36    -0.00 11910.00
    191.00   223.85   191.85     1.26    14.72     0.59 12212.05
    186.00   225.65   191.65     1.00    16.06     1.02 12386.46
    181.00   225.20   191.42     1.01    17.43     1.53 12565.54
    165.00   223.65   190.65     1.06    16.40     0.41 13173.77
    159.00   224.40   190.57     0.96    15.96    -0.00 13417.08
    151.00   225.45   190.45     0.84    14.54     1.13 13756.20
    150.00   225.25   190.25     0.83    14.36     1.26 13800.00
    144.00   224.81   190.01     0.84    16.44     5.99 14066.80
    137.00   224.27   189.71     0.85    15.72     2.77 14392.49
    131.00   223.78   189.45     0.86    14.46     6.74 14685.18
    116.00   222.46   188.73     0.88    13.54     4.93 15479.97
    112.00   222.08   188.52     0.89    12.67     2.23 15709.32
    108.00   221.69   188.31     0.90    13.06     6.09 15947.01
    106.00   221.48   188.19     0.90     9.95     2.67 16069.17
    104.00   221.28   188.08     0.91     8.40     3.92 16193.67
    100.00   220.85   187.85     0.91    12.92     3.46 16450.00
     70.00   218.85   185.85     0.82     6.31     5.30 18750.00
     50.00   220.45   186.45     0.75     2.31     4.01 20910.00
     30.00   224.25   187.25     0.56   -10.65     3.88 24230.00
     20.00   229.85   189.85     0.47   -13.69     2.41 26940.00
     10.00   236.85   193.85     0.43   -12.60     5.87 31670.00
