
 SNPARM = PRES;TMPK;DWPK;RELH;UWND;VWND;HGHT                                    

 STID =               STNM =     3808    TIME = 200105/0000         
 SLAT =  50.21     SLON =    -5.31   SELV =    88.0
 STIM =  2300

      PRES     TMPK     DWPK     RELH     UWND     VWND     HGHT
   1026.00   281.15   277.75    79.10     2.68     1.54    88.00
   1022.00   281.35   277.25    75.35     3.61     1.73   120.18
   1017.00   280.99   277.25    77.22     4.84     1.76   160.48
   1000.00   279.75   277.25    84.05     7.58     4.37   299.00
    991.00   279.11   276.97    86.17     8.03     4.63   372.78
    962.00   277.00   276.06    93.61     7.58     4.37   615.14
    947.00   275.88   275.58    97.89     6.96     1.87   743.39
    942.00   275.50   275.42    99.39     6.96     1.87   786.59
    940.00   275.35   275.35   100.00     6.97     2.38   803.93
    929.00   274.91   274.91   100.00     6.31     5.30   899.11
    925.00   274.75   274.75   100.00     6.70     5.62   934.00
    923.00   274.64   274.63    99.96     6.70     5.62   951.37
    914.00   274.13   274.11    99.79     7.58     4.37  1030.03
    901.00   273.40   273.33    99.53     7.14     4.12  1145.01
    888.00   272.65   272.55    99.27    10.03     5.06  1261.67
    887.00   272.85   270.65    85.09    10.26     5.12  1270.68
    886.00   275.35   264.35    44.01    10.49     5.18  1279.74
    885.00   278.55   255.55    17.20    10.73     5.23  1288.89
    883.00   279.75   255.75    16.10    11.19     5.34  1307.38
    881.00   279.87   255.87    16.13    11.66     5.44  1325.98
    867.00   280.75   256.75    16.35     9.17     2.98  1457.38
    861.00   280.61   256.96    16.80     7.96     2.13  1514.41
    850.00   280.35   257.35    17.66     8.95     2.40  1620.00
    839.00   279.76   259.69    22.29    11.29     0.99  1726.90
    835.00   279.55   260.55    24.25    10.44     0.39  1766.13
    833.00   279.55   256.55    17.46    10.00     0.13  1785.78
    832.00   279.55   256.83    17.88     9.78    -0.00  1795.62
    826.00   279.55   258.55    20.61     7.69     0.67  1854.93
    823.00   279.55   255.55    16.05     8.29     1.84  1884.75
    822.00   279.50   255.25    15.71     8.45     2.26  1894.71
    819.00   279.35   254.35    14.70     9.76     2.08  1924.65
    812.00   278.75   256.74    18.74    12.82     1.12  1994.79
    805.00   278.15   259.15    23.85    11.52     0.13  2065.54
    796.00   277.79   257.89    22.05     9.74    -0.85  2157.15
    795.00   277.75   257.75    21.86     9.70    -0.66  2167.39
    787.00   277.48   254.16    16.47     9.23     0.81  2249.67
    783.00   277.35   252.35    14.23     8.58     0.09  2291.13
    779.00   277.35   256.35    20.01     7.87    -0.53  2332.76
    778.00   277.32   256.07    19.59     7.69    -0.67  2343.19
    771.00   277.11   254.13    16.86     6.16     0.54  2416.58
    759.00   276.75   250.75    12.90     5.97     0.09  2543.95
    742.00   275.68   251.46    14.82     5.64    -0.49  2727.27
    740.00   275.55   251.55    15.07     5.66    -0.17  2749.11
    737.00   275.55   246.55     9.64     5.65     0.33  2781.91
    730.00   275.42   244.52     8.06     5.47     1.46  2858.93
    726.00   275.35   243.35     7.26     5.11     1.65  2903.27
    723.00   275.24   242.12     6.52     4.84     1.76  2936.64
    710.00   274.75   236.75     3.99     6.08     2.56  3082.84
    707.00   274.75   235.75     3.61     6.36     2.76  3116.92
    700.00   274.75   235.75     3.61     7.00     3.26  3197.00
    678.00   273.36   232.91     2.98     8.75    -0.00  3453.25
    670.00   272.85   231.85     2.77     9.15    -0.21  3548.50
    652.00   271.65   239.65     6.66    10.06    -0.76  3765.80
    651.00   271.45   245.45    11.72    10.11    -0.79  3778.02
    648.00   271.15   246.64    13.37    10.26    -0.90  3814.71
    641.00   270.45   249.45    18.14     8.88    -1.56  3900.99
    636.00   270.05   237.05     5.80     7.87    -1.90  3963.03
    634.00   269.82   238.81     7.02     7.46    -2.00  3987.92
    629.00   269.25   243.25    11.24     7.82    -2.43  4050.50
    623.00   268.68   242.68    11.12     8.22    -2.99  4125.47
    606.00   267.05   241.05    10.76     8.22    -2.99  4341.88
    594.00   265.86   239.86    10.51     8.03    -4.63  4498.33
    583.00   264.76   238.76    10.27     7.00    -3.26  4644.54
    580.00   264.45   238.45    10.21     6.86    -3.54  4684.89
    570.00   263.52   238.85    11.42     6.32    -4.43  4819.34
    565.00   263.05   239.05    12.09     6.69    -3.86  4887.46
    557.00   262.65   228.65     4.26     7.42    -4.75  4997.32
    550.00   262.08   226.45     3.50     8.01    -5.61  5094.41
    540.00   261.25   223.25     2.61     6.51    -3.13  5235.27
    539.00   261.25   223.25     2.61     6.32    -2.91  5249.46
    534.00   260.82   227.10     4.16     5.32    -1.94  5320.74
    532.00   260.65   228.65     5.00     5.38    -1.96  5349.43
    527.00   260.25   240.25    17.00     5.53    -2.01  5421.52
    518.00   259.11   242.37    22.88     5.81    -2.11  5552.58
    516.00   258.85   242.85    24.44     5.50    -2.48  5582.01
    511.00   258.17   241.55    22.84     4.64    -3.25  5655.58
    507.00   257.62   240.50    21.61     5.06    -3.54  5714.96
    500.00   256.65   238.65    19.55     5.32    -1.94  5820.00
    498.00   256.25   239.25    21.44     5.32    -1.94  5850.07
    494.00   255.72   237.39    18.66     4.84    -1.76  5910.38
    489.00   255.05   235.05    15.59     4.86    -3.31  5986.46
    487.00   254.75   238.24    22.03     4.73    -3.97  6017.00
    485.00   254.45   241.45    30.89     5.10    -3.84  6047.66
    484.00   254.25   240.25    27.99     5.28    -3.77  6063.02
    482.00   254.05   234.05    15.32     5.64    -3.60  6093.81
    480.00   253.65   234.65    16.86     6.00    -3.40  6124.68
    478.00   253.45   241.45    33.65     6.36    -3.17  6155.65
    477.00   253.25   238.25    25.07     6.53    -3.05  6171.17
    475.00   252.85   241.85    36.81     6.53    -3.05  6202.28
    474.00   252.85   241.85    36.81     6.53    -3.05  6217.87
    472.00   252.45   241.45    36.68     6.53    -3.05  6249.12
    470.00   252.18   243.85    47.12     6.53    -3.05  6280.46
    469.00   252.05   245.05    53.33     6.54    -2.85  6296.18
    468.00   251.85   243.85    48.52     6.54    -2.66  6311.91
    465.00   251.45   244.45    53.14     6.51    -2.10  6359.27
    463.00   251.18   244.95    56.97     6.46    -1.73  6390.93
    459.00   250.65   245.95    65.51     5.47    -2.26  6454.67
    456.00   250.25   245.45    64.80     4.71    -2.52  6502.72
    455.00   250.10   245.50    65.97     4.46    -2.57  6518.78
    452.00   249.65   245.65    69.62     4.57    -2.38  6567.16
    450.00   249.45   247.05    80.57     4.64    -2.24  6599.55
    449.00   249.38   246.65    78.15     4.67    -2.18  6615.78
    447.00   249.25   245.85    73.48     4.30    -2.22  6648.35
    445.00   249.05   246.15    76.90     3.93    -2.23  6681.05
    442.00   249.05   229.05    13.99     3.39    -2.21  6730.33
    441.00   249.05   226.05    10.06     3.22    -2.19  6746.83
    436.00   248.62   227.76    12.63     2.37    -1.99  6829.79
    434.00   248.45   228.45    13.83     2.32    -2.08  6863.24
    431.00   248.05   236.05    31.81     2.25    -2.22  6913.61
    428.00   247.45   244.55    76.60     2.16    -2.36  6964.24
    427.00   247.45   244.45    75.89     2.13    -2.41  6981.18
    426.00   247.05   243.55    72.34     2.10    -2.45  6998.14
    425.00   247.05   242.55    65.81     2.07    -2.50  7015.13
    423.00   246.85   240.85    56.96     2.00    -2.59  7049.21
    422.00   246.65   241.65    62.65     1.96    -2.63  7066.29
    420.00   246.45   243.25    74.28     1.89    -2.72  7100.56
    419.00   246.25   243.15    74.94     1.85    -2.76  7117.75
    417.00   245.85   242.35    72.07     1.77    -2.85  7152.19
    415.00   245.45   240.45    62.32     1.69    -2.93  7186.75
    414.00   245.45   242.05    72.68     1.65    -2.97  7204.07
    413.00   245.25   242.05    74.03     1.60    -3.01  7221.43
    410.00   244.85   240.65    67.17     1.46    -3.13  7273.70
    408.00   244.45   240.45    68.38     1.36    -3.20  7308.70
    406.00   244.25   241.05    73.82     1.26    -3.28  7343.83
    405.00   244.05   240.05    68.28     1.21    -3.31  7361.44
    401.00   243.45   238.95    64.88     0.99    -3.45  7432.23
    400.00   243.25   238.95    66.11     0.93    -3.48  7450.00
    397.00   242.85   239.05    69.33     1.36    -3.74  7503.62
    393.00   242.25   236.25    55.56     2.01    -4.02  7575.60
    390.00   241.85   237.15    63.17     2.56    -4.16  7629.95
    388.00   241.58   236.02    57.84     2.95    -4.22  7666.36
    387.00   241.45   235.45    55.31     3.10    -4.11  7684.63
    385.00   241.25   236.25    61.13     3.38    -3.89  7721.27
    384.00   241.05   235.05    55.18     3.51    -3.77  7739.65
    383.00   240.85   235.60    59.49     3.64    -3.64  7758.06
    382.00   240.65   236.15    64.12     3.48    -3.48  7776.51
    378.00   240.25   235.95    65.32     2.84    -2.84  7850.68
    376.00   239.85   234.85    60.73     2.51    -2.51  7887.99
    374.00   239.53   234.62    61.19     2.18    -2.18  7925.33
    365.00   238.05   233.55    63.40     2.32    -4.01  8095.89
    363.00   237.65   232.65    60.08     2.24    -4.45  8134.18
    362.00   237.48   232.73    61.61     2.18    -4.67  8153.35
    359.00   236.99   232.98    66.46     2.39    -5.13  8211.17
    357.00   236.65   233.15    69.94     2.07    -4.99  8250.00
    355.00   236.25   232.35    66.99     1.76    -4.84  8288.90
    354.00   236.05   231.95    65.54     1.72    -4.72  8308.44
    344.00   234.25   231.05    71.60     1.27    -3.49  8505.88
    340.00   233.65   229.85    67.01     1.09    -2.99  8586.05
    334.00   232.65   229.75    73.55     0.81    -2.22  8707.68
    330.00   231.85   228.65    71.02     0.62    -1.71  8789.67
    328.00   231.58   227.46    64.11     0.53    -1.45  8830.89
    324.00   231.05   225.05    51.89     0.83    -1.54  8914.10
    321.00   230.45   224.45    51.69     1.08    -1.58  8976.99
    317.00   229.65   223.65    51.41     1.45    -1.56  9061.50
    314.00   229.25   223.25    51.27     1.74    -1.50  9125.42
    312.00   228.85   220.85    40.50     1.94    -1.43  9168.30
    300.00   226.65   219.65    44.72     3.04    -0.54  9430.00
    297.00   226.25   217.25    35.00     3.27    -0.54  9496.34
    286.00   224.05   216.05    38.68     4.14    -0.54  9744.04
    282.00   223.65   211.65    23.17     4.47    -0.52  9835.95
    274.00   222.16   210.99    25.23     5.13    -0.45 10022.06
    263.00   220.05   210.05    28.57     4.64     0.69 10287.03
    260.00   219.25   208.25    24.72     4.46     0.96 10360.49
    255.00   218.25   209.25    31.88     4.12     1.38 10484.31
    250.00   217.25   208.25    31.48     3.73     1.74 10610.00
    238.00   214.85   206.85    35.03     4.67     2.18 10920.79
    236.00   214.45   207.45    39.99     4.71     2.08 10973.76
    232.00   213.65   203.65    26.08     4.79     1.89 11080.77
    221.00   210.84   202.76    32.99     4.97     1.33 11381.13
    215.00   209.25   202.25    37.85     4.46     2.57 11551.33
    206.00   207.05   201.05    42.78     5.18     1.86 11811.63
    202.00   206.12   200.78    46.75     5.47     1.46 11929.96
    200.00   205.65   200.65    48.93     5.47     1.46 11990.00
    193.00   203.85   199.45    52.73     7.00     3.26 12204.10
    185.00   202.05   196.05    40.66     6.07     2.22 12456.26
    177.00   199.81   195.46    51.49     4.97     1.33 12716.20
    173.00   198.65   195.15    58.37     4.97    -1.33 12850.61
    168.00   200.45   195.85    49.80     3.26    -1.52 13022.37
    165.00   201.80   194.92    35.30     7.18     0.63 13129.22
    161.00   203.65   193.65    22.14     9.05     0.28 13274.75
    158.00   202.85   189.85    13.32    10.46    -0.14 13386.96
    153.00   206.25   188.25     6.30    12.82    -1.12 13580.01
    150.00   206.65   186.65     4.52    13.92    -3.73 13700.00
    145.00   208.51   186.87     3.65    11.59    -6.69 13906.48
    141.00   210.05   187.05     3.06    11.17    -5.13 14076.86
    135.00   208.65   187.65     4.10    10.16    -2.99 14342.97
    134.00   208.67   187.56     4.02     9.95    -2.67 14388.37
    129.00   208.79   187.11     3.66    12.57    -4.58 14620.53
    123.00   208.93   186.54     3.26    10.25    -8.60 14911.31
    118.00   209.05   186.05     2.94    10.85    -7.84 15164.67
    117.00   209.44   186.20     2.86    10.96    -7.67 15216.88
    114.00   210.65   186.65     2.64    10.54    -8.60 15376.22
    110.00   210.21   186.49     2.72     9.83    -9.83 15595.33
    105.00   209.65   186.27     2.82    10.73    -5.00 15880.70
    100.00   209.05   186.05     2.94    14.03    -5.11 16180.00
     75.90   207.25   184.25     2.72    15.16    -8.75 17866.88
     70.00   207.45   184.45     2.74    13.43    -3.60 18360.00
     50.00   204.25   182.25     2.86    18.38    -6.69 20390.00
     30.00   203.05   180.05     2.25    24.19    -8.80 23450.00
     20.00   202.45   179.45     2.19    40.52    -3.54 25850.00
     10.00   207.85   180.85     1.34    64.61     5.65 30000.00
      6.10 -9999.00 -9999.00 -9999.00    76.58    20.52 -9999.00
