
 SNPARM = PRES;TMPK;DWPK;RELH;UWND;VWND;HGHT                                    

 STID = PANT          STNM =    70398    TIME = 200106/1200         
 SLAT =  55.05     SLON =  -131.59   SELV =    35.0
 STIM =  1200

      PRES     TMPK     DWPK     RELH     UWND     VWND     HGHT
   1010.00   272.65   270.85    87.62    -1.18    -0.99    35.00
   1008.00   273.15   270.25    80.82    -1.36    -0.92    51.66
   1005.00   274.75   267.75    59.68    -1.63    -0.76    76.80
   1002.00   274.95   266.95    55.36    -1.88    -0.54   102.10
   1000.00   274.75   266.75    55.30    -2.03    -0.36   119.00
    976.98   273.24   266.31    59.64    -1.58     1.32   305.00
    940.37   270.76   265.60    67.67     1.33     0.77   610.00
    933.00   270.25   265.45    69.49     2.48     1.72   672.85
    925.00   269.85   265.65    72.70     3.55     2.98   741.00
    904.80   268.25   265.21    79.25     3.97     4.73   914.00
    870.25   265.42   264.43    92.59     5.12     4.30  1219.00
    854.00   264.05   264.05   100.00     5.67     3.54  1366.64
    850.00   263.85   263.85   100.00     5.79     3.34  1403.00
    840.00   263.05   262.55    96.12     6.00     2.96  1494.36
    838.00   263.85   257.85    61.69     6.04     2.88  1512.76
    836.78   263.97   257.36    58.69     6.06     2.83  1524.00
    836.00   264.05   257.05    56.83     6.06     2.89  1531.23
    835.00   264.05   258.05    61.74     6.06     2.97  1540.49
    826.00   263.85   258.85    66.98     5.99     3.68  1624.27
    821.00   263.85   250.85    33.97     5.91     4.08  1671.19
    810.00   263.25   245.25    21.49     5.65     4.99  1775.27
    807.00   263.05   251.05    36.82     5.55     5.24  1803.86
    804.37   262.84   251.89    40.29     5.46     5.46  1829.00
    802.00   262.65   252.65    43.69     5.54     5.54  1851.69
    795.00   262.05   248.05    30.52     5.78     5.78  1919.03
    785.00   261.25   251.25    43.24     6.13     6.13  2016.00
    775.00   260.45   251.45    46.93     6.48     6.48  2113.92
    772.96   260.28   251.39    47.32     6.55     6.55  2134.00
    756.00   258.85   250.85    50.72     4.69     6.29  2302.64
    751.00   258.45   245.45    32.21     4.17     6.13  2352.89
    748.00   258.25   236.25    13.48     3.87     6.02  2383.16
    742.58   257.71   233.01    10.11     3.34     5.79  2438.00
    738.00   257.25   230.25     7.85     3.46     5.82  2484.69
    734.00   257.05   231.05     8.69     3.57     5.84  2525.59
    729.00   256.45   239.45    21.50     3.70     5.86  2576.96
    725.00   256.05   247.05    45.53     3.81     5.87  2618.23
    722.00   255.65   244.65    37.76     3.89     5.88  2649.29
    721.00   255.65   245.65    41.42     3.91     5.88  2659.67
    719.00   255.45   250.45    64.95     3.97     5.89  2680.45
    717.00   255.25   250.95    69.03     4.02     5.90  2701.28
    713.00   254.82   250.26    67.41     4.14     5.91  2743.00
    706.00   254.05   249.05    64.60     4.73     5.07  2816.55
    701.00   253.85   244.85    44.82     5.07     4.43  2869.40
    700.00   253.65   244.65    44.75     5.12     4.30  2880.00
    695.00   253.25   243.25    40.62     5.64     4.20  2933.07
    693.00   253.25   239.25    27.66     5.85     4.15  2954.39
    688.00   252.85   241.85    36.81     6.38     3.98  3007.91
    685.00   252.65   237.65    24.87     6.70     3.85  3040.17
    682.00   252.45   240.45    33.31     7.02     3.71  3072.55
    673.00   251.85   234.85    20.10     7.98     3.16  3170.38
    663.00   250.65   240.65    39.74     9.00     2.35  3280.23
    661.00   250.45   242.45    48.07     9.20     2.16  3302.34
    659.00   250.45   233.45    19.68     9.39     1.97  3324.51
    658.00   250.25   228.25    11.53     9.48     1.86  3335.61
    656.43   250.12   230.34    14.62     9.63     1.70  3353.00
    651.00   249.65   237.65    32.36     9.60     1.86  3413.69
    649.00   249.25   243.25    57.67     9.59     1.93  3436.11
    646.00   249.05   239.05    39.20     9.57     2.02  3469.82
    641.00   248.45   236.45    31.95     9.54     2.17  3526.27
    639.00   248.25   231.25    19.02     9.52     2.23  3548.94
    638.00   248.05   235.05    28.74     9.51     2.27  3560.29
    636.00   248.05   241.05    52.08     9.50     2.33  3583.04
    635.00   247.85   243.85    69.20     9.49     2.36  3594.43
    633.00   247.65   242.75    63.52     9.48     2.42  3617.26
    629.44   247.24   242.75    65.90     9.45     2.53  3658.00
    626.00   246.85   242.75    68.31     9.65     2.53  3697.57
    623.00   246.65   244.65    83.16     9.83     2.52  3732.20
    620.00   246.25   244.25    83.10    10.02     2.52  3766.95
    617.00   246.25   245.15    90.36    10.20     2.51  3801.84
    598.00   244.65   238.65    56.30    11.39     2.42  4026.10
    593.00   244.25   239.35    62.59    11.71     2.38  4086.05
    591.00   244.05   240.85    73.78    11.84     2.36  4110.14
    588.00   243.85   238.85    61.87    12.03     2.34  4146.40
    585.00   243.65   232.65    33.64    12.22     2.31  4182.82
    582.00   243.45   234.45    41.30    12.42     2.28  4219.39
    580.00   243.65   226.65    17.64    12.55     2.26  4243.87
    578.12   243.46   232.11    32.36    12.67     2.23  4267.00
    578.00   243.45   232.45    33.57    12.67     2.23  4268.44
    567.00   242.45   229.45    26.83    12.22     2.15  4404.77
    564.00   242.45   231.45    33.22    12.09     2.13  4442.33
    553.74   241.72   226.34    20.46    11.66     2.06  4572.00
    550.00   241.45   224.45    16.98    12.75     1.89  4619.94
    547.00   241.85   219.85     9.58    13.63     1.71  4658.54
    539.00   241.65   216.65     6.63    15.98     1.05  4762.55
    537.00   242.05   218.05     7.57    16.57     0.84  4788.81
    530.31   241.42   218.28     8.27    18.53    -0.00  4877.00
    514.00   239.85   218.85    10.31    20.42    -0.95  5096.82
    500.00   239.25   215.25     7.03    22.06    -1.93  5290.00
    464.00   236.45   212.45     6.51    28.03    -2.45  5813.77
    445.54   235.34   209.50     4.95    31.28    -2.74  6096.00
    444.00   235.25   209.25     4.83    31.72    -2.86  6120.00
    436.00   235.45   209.45     4.86    34.00    -3.58  6246.11
    400.00   232.25   212.25     9.77    44.61    -7.87  6840.00
    392.00   231.65   211.65     9.63    46.04    -8.12  6976.77
    375.00   229.40   214.32    17.21    49.18    -8.67  7274.46
    372.74   229.10   214.68    18.62    49.18    -8.67  7315.00
    368.00   228.45   215.45    22.00    48.61    -8.57  7400.98
    359.00   227.25   210.25    12.88    47.52    -8.38  7565.64
    356.07   227.64   209.66    11.42    47.15    -8.31  7620.00
    356.00   227.65   209.65    11.38    47.16    -8.31  7621.34
    324.51   223.43   207.96    14.57    49.23    -4.31  8230.00
    319.00   222.65   207.65    15.28    46.26    -5.54  8342.48
    315.00   222.85   202.85     7.64    44.05    -6.34  8424.51
    309.71   221.95   203.34     9.09    41.07    -7.24  8534.00
    300.00   220.25   204.25    12.64    45.13    -3.95  8740.00
    298.00   220.25   204.25    12.64    45.07    -3.94  8783.28
    281.80   219.49   201.96     9.97    44.62    -3.90  9144.00
    277.00   219.25   201.25     9.25    43.08    -3.77  9255.02
    269.00   221.65   196.65     3.49    44.08    -3.86  9444.81
    268.83   221.62   196.66     3.51    44.10    -3.86  9449.00
    261.00   220.25   197.25     4.51    38.68    -3.38  9640.77
    250.00   221.25   196.25     3.44    30.77    -2.69  9920.00
    249.00   221.65   196.65     3.49    30.77    -2.69  9945.84
    244.70   221.18   196.18     3.43    30.77    -2.69 10058.00
    240.00   220.65   195.65     3.36    31.56    -2.19 10182.88
    222.73   223.35   194.57     2.07    34.49    -0.00 10668.00
    209.00   225.65   193.65     1.38    31.40    -1.62 11081.46
    200.00   224.65   192.65     1.31    29.23    -2.56 11370.00
    192.00   223.25   192.25     1.44    26.90    -2.35 11638.21
    180.00   226.65   192.65     1.05    23.22    -2.03 12064.14
    168.61   224.94   191.89     1.12    19.49    -1.70 12497.00
    168.00   224.85   191.85     1.13    19.74    -1.59 12521.08
    153.77   225.47   191.69     1.03    25.64     2.24 13106.00
    150.00   225.65   191.65     1.00    21.80    -3.84 13270.00
    140.22   225.78   191.78     1.00    15.21    -2.68 13716.00
    135.00   225.85   191.85     1.01    16.63    -1.71 13966.61
    128.00   228.25   192.25     0.83    18.51    -0.02 14320.68
    122.18   227.62   191.85     0.83    20.00     1.75 14630.00
    116.70   227.00   191.45     0.83    19.26     3.40 14935.00
    111.46   226.38   191.05     0.83    16.47    -0.00 15240.00
    106.46   225.77   190.65     0.84    13.33     1.17 15545.00
    104.00   225.45   190.45     0.84    14.98     2.66 15700.22
    101.67   226.26   190.68     0.79    16.41     4.40 15850.00
    100.00   226.85   190.85     0.77    17.95    -1.57 15960.00
     97.12   226.75   190.83     0.77    17.95    -1.57 16154.00
     70.00   225.65   190.65     0.85    11.94     3.20 18330.00
     50.00   224.25   189.25     0.78     9.45    -2.53 20550.00
     30.00   225.85   189.85     0.72     5.13    -0.45 23920.00
     20.00   227.05   190.05     0.66     1.33    -4.97 26620.00
     10.00   231.65   191.65     0.52     0.58    -6.66 31270.00
