
 SNPARM = PRES;TMPK;DWPK;RELH;UWND;VWND;HGHT                                    

 STID =               STNM =     3918    TIME = 200701/0000         
 SLAT =  54.50     SLON =    -6.34   SELV =    18.0
 STIM =  2300

      PRES     TMPK     DWPK     RELH     UWND     VWND     HGHT
   1001.00   286.55   285.75    94.90     1.01    -0.18    18.00
   1000.00   286.75   285.45    91.85     1.01    -0.18    27.00
    998.00   286.75   284.85    88.29     1.08    -0.19    43.92
    972.00   284.75   284.05    95.47     1.87    -0.40   266.13
    963.00   284.35   282.95    91.09     2.15    -0.49   344.09
    947.00   283.35   282.85    96.71     2.64    -0.66   484.14
    936.00   283.00   282.16    94.47     2.98    -0.80   581.52
    928.00   282.75   281.65    92.85     3.03    -0.61   653.06
    925.00   282.35   281.75    96.03     3.04    -0.54   680.00
    923.00   282.35   281.95    97.34     2.98    -0.54   698.00
    912.00   281.95   281.15    94.72     2.60    -0.54   797.60
    892.00   280.55   280.55   100.00     1.92    -0.49   981.21
    882.00   280.15   280.15   100.00     1.58    -0.44  1074.26
    850.00   278.35   278.35   100.00     0.48    -0.17  1378.00
    845.00   278.10   278.09    99.91     0.42    -0.29  1426.11
    814.00   276.55   276.45    99.30     0.72     0.50  1730.88
    805.00   276.15   275.75    97.20     0.55     0.81  1821.16
    802.00   275.95   274.65    91.15     0.47     0.90  1851.44
    801.00   275.88   274.57    91.08     0.44     0.93  1861.54
    791.00   275.15   273.75    90.44     1.40     1.99  1963.21
    780.00   274.35   273.55    94.40     2.91     2.75  2076.21
    772.00   273.87   273.31    96.03     4.22     2.95  2159.18
    770.00   273.75   273.25    96.45     4.27     2.55  2180.06
    765.00   273.55   272.35    91.65     4.26     1.59  2232.41
    753.00   273.05   271.75    90.94     3.49    -0.30  2359.28
    738.00   272.05   272.05   100.00     1.74    -1.31  2520.31
    714.00   270.80   270.80   100.00    -0.00    -0.00  2783.41
    700.00   270.05   270.05   100.00     1.99     0.53  2941.00
    640.00   266.45   266.35    99.24     4.74     2.40  3645.54
    636.00   266.25   266.25   100.00     4.91     2.58  3694.48
    625.00   265.36   265.31    99.62     5.35     3.09  3830.12
    616.00   264.62   264.53    99.29     6.09     1.07  3942.88
    614.00   264.45   264.35    99.22     5.82     1.09  3968.17
    609.00   264.05   262.75    90.27     5.17     1.11  4031.46
    600.00   263.21   262.49    94.45     3.98     1.07  4146.25
    592.00   262.45   262.25    98.42     4.58     1.99  4249.75
    586.00   261.89   261.65    98.10     4.90     2.83  4327.84
    577.00   261.05   260.75    97.62     6.06     0.58  4446.48
    575.00   260.98   260.59    96.91     6.18    -0.00  4473.00
    568.00   260.72   260.01    94.44     4.84    -1.76  4566.56
    566.00   260.65   259.85    93.73     4.84    -1.76  4593.51
    565.00   260.64   259.75    93.09     4.84    -1.76  4607.00
    559.00   260.55   259.15    89.28     5.07    -0.89  4688.45
    552.00   260.45   258.45    84.96     5.07    -0.89  4784.58
    551.00   259.85   258.05    86.30     5.07    -0.89  4798.39
    545.00   259.25   256.55    80.01     4.79    -0.58  4881.58
    542.00   259.05   256.85    83.39     4.65    -0.43  4923.46
    541.00   258.85   255.65    76.66     4.60    -0.38  4937.46
    540.00   258.65   255.95    79.92     4.55    -0.34  4951.47
    535.00   258.25   254.25    71.52     4.28    -0.12  5021.84
    532.00   258.25   254.45    72.75     4.12    -0.00  5064.34
    529.00   257.85   252.85    65.55     4.96     0.29  5107.04
    525.00   257.45   252.85    67.76     6.06     0.83  5164.27
    524.00   257.25   252.25    65.40     6.33     0.99  5178.63
    523.00   257.15   252.15    65.38     6.59     1.16  5193.00
    518.00   256.65   251.65    65.25     7.37     1.30  5265.22
    515.00   256.45   252.45    71.13     7.85     1.38  5308.83
    511.00   256.05   252.35    72.92     8.49     1.50  5367.30
    509.00   255.85   251.65    69.78     8.81     1.55  5396.67
    507.00   255.58   252.12    74.32     9.13     1.61  5426.13
    506.00   255.45   252.35    76.70     8.88     1.57  5440.90
    503.00   255.25   252.35    78.00     8.11     1.43  5485.32
    500.00   255.05   252.35    79.34     6.66     0.58  5530.00
    495.00   254.46   252.05    81.31     5.64    -0.49  5604.96
    490.00   253.86   251.76    83.36     5.64    -0.49  5680.68
    482.00   252.89   251.27    86.84     7.60     1.34  5803.45
    480.00   252.65   251.15    87.75     7.25     1.12  5834.46
    474.00   252.02   250.28    85.82     6.16     0.54  5927.50
    467.00   251.28   249.25    83.55     5.32     1.94  6037.53
    463.00   250.85   248.65    82.25     5.23     1.46  6101.15
    458.00   250.20   248.32    84.61     5.07     0.89  6180.72
    445.00   248.46   247.45    91.33     6.16     0.54  6391.72
    444.00   248.32   247.39    91.89     6.16     0.54  6408.20
    442.00   248.05   247.25    93.01     5.62     0.74  6441.28
    440.00   247.78   246.52    89.12     5.07     0.89  6474.30
    439.00   247.65   246.15    87.22     4.89     0.66  6490.87
    436.00   247.05   246.25    92.95     4.28     0.05  6540.69
    427.00   245.85   244.35    87.02     2.16    -0.81  6691.67
    419.00   244.75   243.98    93.10     0.39    -0.33  6827.74
    414.00   244.05   243.75    97.23     0.67    -0.97  6914.10
    409.00   243.65   242.65    90.99     0.60    -1.75  7001.12
    408.00   243.65   241.55    81.93     0.54    -1.92  7018.64
    405.00   243.25   241.45    84.27     0.25    -2.39  7071.41
    400.00   242.45   239.65    76.37    -0.54    -3.04  7160.00
    392.00   241.25   238.85    79.19    -0.32    -3.78  7303.22
    383.00   239.85   236.15    69.30     0.08    -4.60  7466.99
    377.00   238.80   235.93    75.06     0.45    -5.13  7577.66
    375.00   238.45   235.85    77.12     1.11    -5.38  7614.95
    374.00   238.30   235.95    79.06     1.46    -5.47  7633.59
    371.00   237.85   236.25    85.21     0.74    -5.61  7689.80
    370.00   237.72   235.75    82.10     0.49    -5.64  7708.60
    368.00   237.45   234.75    76.14     0.16    -5.49  7746.35
    364.00   236.65   234.25    78.35    -0.45    -5.13  7822.16
    360.00   235.85   233.75    80.68     0.55    -4.50  7898.80
    358.00   235.45   232.75    75.73     0.95    -4.12  7937.28
    357.00   235.45   230.75    61.35     1.12    -3.91  7956.58
    355.00   235.25   229.25    53.31     1.41    -3.48  7995.33
    354.00   235.05   221.05    21.61     1.53    -3.26  8014.77
    353.00   235.25   218.25    15.16     1.62    -3.04  8034.26
    350.00   234.85   216.85    13.32     1.80    -2.36  8093.05
    348.00   234.45   219.45    19.01     1.83    -1.92  8132.45
    343.00   234.05   214.05    10.20     1.59    -0.95  8231.79
    338.00   233.55   214.05    10.73     0.99    -0.27  8332.29
    333.00   233.05   214.05    11.31     1.01    -0.18  8434.28
    330.00   232.85   215.85    14.47     1.02    -0.12  8496.06
    329.00   232.65   220.65    26.40     1.03    -0.10  8516.76
    328.00   232.65   220.65    26.40     1.03    -0.08  8537.51
    311.00   229.85   218.85    28.66     1.00     0.25  8898.16
    310.00   229.73   218.36    27.37     0.99     0.27  8919.80
    303.00   228.85   214.85    19.54     2.72     0.73  9073.30
    300.00   228.65   213.65    17.16     3.48     0.93  9140.00
    291.00   227.73   213.57    18.78     5.64     0.49  9341.97
    284.00   226.99   213.50    20.19     6.59    -1.16  9503.42
    279.00   226.45   213.45    21.30     6.37    -0.08  9621.20
    276.00   226.07   212.64    20.02     6.16     0.54  9692.13
    264.00   224.52   209.29    15.38     7.69     0.67  9983.77
    259.00   223.85   207.85    13.68     6.78     1.09 10109.22
    258.00   223.65   208.65    15.59     6.59     1.16 10134.45
    252.00   224.10   206.86    11.62     5.32     1.94 10288.00
    250.00   224.25   206.25    10.50     6.29     2.29 10340.00
    247.00   224.59   204.88     8.35     7.69     0.67 10419.76
    243.00   225.06   203.02     6.09     5.60     2.61 10527.62
    240.00   225.41   201.61     4.78     7.14     4.12 10609.69
    234.00   226.13   198.74     2.88    11.44     3.06 10776.95
    233.00   226.25   198.25     2.64    11.43     3.37 10805.24
    227.00   226.39   197.43     2.29    11.20     5.22 10978.59
    219.00   226.59   196.31     1.89    10.14     1.79 11216.98
    209.00   226.85   194.85     1.46    10.62     2.43 11527.53
    202.00   226.39   192.84     1.12    10.94     2.93 11753.88
    200.00   226.25   192.25     1.03     9.68     3.52 11820.00
    197.00   226.39   191.93     0.96     8.47     4.89 11920.49
    180.00   227.21   190.02     0.64    11.59     6.69 12520.52
    170.00   227.72   188.81     0.49    12.17     2.15 12900.55
    166.00   227.94   188.31     0.44    10.44     2.80 13058.86
    164.00   228.05   188.05     0.42     9.98     1.77 13139.45
    160.00   226.84   187.55     0.44     8.75    -0.00 13303.05
    156.00   225.60   187.04     0.46     6.16     0.54 13470.79
    153.00   224.65   186.65     0.48     7.54     2.73 13599.44
    151.00   225.45   186.78     0.45     8.03     4.63 13686.19
    150.00   225.85   186.85     0.43     7.59     5.32 13730.00
    144.00   225.59   186.69     0.43     7.14     4.12 13997.81
    139.00   225.36   186.55     0.43     7.89     6.62 14229.65
    137.00   225.27   186.49     0.43     9.81     5.66 14324.73
    126.00   224.73   186.16     0.44     8.40     3.92 14873.82
    123.00   224.58   186.07     0.44     7.69     0.67 15031.91
    119.00   224.37   185.94     0.44     5.13     0.45 15248.80
    117.00   224.26   185.87     0.44     3.73     1.74 15360.00
    110.00   223.86   185.63     0.44     4.34     3.64 15764.73
    108.00   223.74   185.55     0.44     2.95     4.22 15885.11
    100.00   223.25   185.25     0.44     6.29     2.29 16390.00
     70.00   222.25   184.25     0.41     2.68    -1.54 18720.00
     50.00   223.65   185.65     0.45    -1.82     1.82 20920.00
     30.00   225.85   186.85     0.43    -7.72     0.00 24270.00
     20.00   229.25   189.25     0.45   -12.82    -1.12 26970.00
