
 SNPARM = PRES;TMPK;DWPK;RELH;UWND;VWND;HGHT                                    

 STID =               STNM =     3005    TIME = 200706/0000         
 SLAT =  60.13     SLON =    -1.18   SELV =    84.0
 STIM =  2300

      PRES     TMPK     DWPK     RELH     UWND     VWND     HGHT
    987.00   283.75   282.55    92.28     1.52    -8.62    84.00
   1000.00 -9999.00 -9999.00 -9999.00 -9999.00 -9999.00   -30.00
    985.00   283.67   282.31    91.29     2.29    -6.29   100.74
    982.00   283.55   281.95    89.81     2.97    -8.17   125.92
    975.00   283.07   281.64    90.80     4.58   -12.57   184.74
    953.00   281.55   280.65    94.06     2.95   -14.90   372.36
    950.00   281.48   279.95    90.08     2.68   -15.21   398.17
    944.00   281.35   278.55    82.51     2.01   -15.18   450.04
    926.00   280.21   277.22    81.27    -0.00   -14.93   607.18
    925.00   280.15   277.15    81.20    -0.00   -14.93   616.00
    920.00   279.75   276.35    78.89     0.08   -14.90   660.62
    907.00   278.75   276.45    85.13     0.30   -14.81   777.49
    893.00   277.95   275.25    82.65     0.53   -14.70   904.82
    890.00   277.75   276.05    88.72     0.58   -14.68   932.31
    878.00   276.95   274.95    86.77     0.79   -14.59  1043.02
    858.00   275.55   274.75    94.45     1.12   -14.42  1230.19
    850.00   274.95   274.35    95.79     1.26   -14.36  1306.00
    839.00   274.35   273.05    91.04     0.11   -14.41  1410.99
    838.00   274.28   273.03    91.36    -0.00   -14.41  1420.56
    813.00   272.45   272.45   100.00     2.31   -14.46  1663.54
    784.00   270.81   270.81   100.00     5.11   -14.03  1952.37
    767.00   269.83   269.83   100.00     4.93   -13.54  2126.69
    764.00   269.65   269.65   100.00     5.19   -13.29  2157.86
    762.00   269.85   269.15    94.90     5.37   -13.12  2178.59
    745.00   269.22   268.34    93.54     6.69   -11.59  2356.83
    735.00   268.85   267.85    92.73     6.09   -11.03  2463.58
    722.00   267.45   267.45   100.00     5.34   -10.26  2603.91
    709.00   266.45   266.45   100.00     4.62    -9.45  2746.13
    700.00   266.85   263.55    77.42     4.13    -8.86  2846.00
    699.00   266.85   263.45    76.81     4.13    -8.86  2857.19
    698.00   266.75   263.44    77.36     4.13    -8.86  2868.35
    680.00   264.85   263.25    88.22     3.93   -10.83  3072.08
    670.00   264.25   262.15    84.73     3.67   -11.95  3187.04
    653.00   262.45   261.55    93.08     2.98   -13.90  3385.54
    646.00   261.89   260.71    90.98     2.59   -14.70  3468.37
    643.00   261.65   260.35    90.08     2.58   -14.63  3504.14
    632.00   260.25   260.25   100.00     2.54   -14.38  3636.18
    624.00   259.46   259.46   100.00     2.50   -14.19  3733.06
    614.00   258.45   258.45   100.00     4.77   -12.39  3855.92
    609.00   259.25   257.25    84.82     5.69   -11.36  3917.97
    606.00   259.16   256.61    80.97     6.18   -10.70  3955.49
    602.00   259.05   255.75    76.05     6.20   -10.62  4005.80
    595.00   258.65   255.35    75.98     6.24   -10.48  4094.55
    585.00   257.45   254.05    75.11     6.30   -10.28  4222.75
    575.00   256.85   251.95    65.87     6.35   -10.07  4352.70
    555.00   255.25   249.25    59.39     6.43    -9.65  4618.34
    544.00   253.85   248.85    64.55     6.48    -9.41  4767.66
    538.00   253.51   247.65    59.67     6.50    -9.28  4850.09
    537.00   253.45   247.45    58.88     6.55    -9.24  4863.91
    516.00   251.25   246.55    65.66     7.66    -8.35  5158.87
    509.00   250.55   245.59    63.92     8.01    -8.01  5259.26
    508.00   250.45   245.45    63.67     7.85    -8.01  5273.71
    500.00   249.65   245.25    67.09     6.62    -7.89  5390.00
    495.00   249.07   245.04    69.30     5.96    -7.10  5463.48
    488.00   248.25   244.75    72.60     5.46    -6.51  5567.61
    481.00   247.51   244.15    73.38     4.96    -5.91  5672.61
    473.00   246.65   243.45    74.32     5.16    -6.15  5794.49
    468.00   246.45   241.55    63.20     5.29    -6.30  5871.44
    455.00   244.73   241.06    70.64     5.62    -6.70  6074.15
    447.00   243.65   240.75    75.87     5.43    -5.80  6201.80
    446.00   243.65   240.65    75.14     5.40    -5.68  6217.83
    442.00   243.25   239.35    68.75     5.27    -5.24  6282.23
    439.00   243.05   239.45    70.75     5.15    -4.92  6330.86
    436.00   242.45   238.35    67.22     5.02    -4.60  6379.74
    430.00   242.11   235.52    52.33     4.73    -3.97  6478.30
    429.00   242.05   235.05    50.14     4.61    -3.98  6494.86
    424.00   241.45   235.45    55.31     4.00    -4.00  6578.08
    422.00   241.05   234.05    49.81     3.28    -4.15  6611.57
    420.00   241.05   232.05    40.45     2.57    -4.19  6645.19
    419.00   241.25   230.25    32.79     2.23    -4.17  6662.07
    410.00   241.05   226.05    21.13    -0.14    -3.02  6815.79
    405.00   240.22   227.71    27.53    -0.70    -1.94  6902.45
    404.00   240.05   228.05    29.03    -0.74    -1.92  6919.90
    400.00   239.85   231.85    44.49    -0.87    -1.87  6990.00
    394.00   238.65   231.65    49.00    -1.17    -2.41  7095.78
    392.00   238.45   233.45    60.32    -1.27    -2.58  7131.29
    381.00   236.65   231.65    59.78    -1.88    -3.57  7329.09
    376.00   235.85   228.85    48.03    -2.18    -4.01  7420.39
    366.00   234.58   230.57    65.81    -2.83    -4.90  7605.81
    365.00   234.45   230.75    67.94    -2.94    -4.84  7624.64
    361.00   234.25   229.85    62.99    -3.37    -4.55  7700.18
    353.00   232.85   228.95    66.08    -4.16    -3.84  7853.29
    351.00   232.57   228.98    68.27    -4.34    -3.64  7891.91
    346.00   231.85   229.05    74.17    -3.87    -4.45  7989.42
    343.00   231.25   226.95    62.80    -3.51    -4.91  8048.41
    341.00   230.85   227.75    71.56    -3.24    -5.21  8087.94
    340.00   230.65   227.40    70.34    -3.09    -5.35  8107.75
    339.00   230.45   227.05    69.14    -3.23    -5.19  8127.62
    333.00   229.65   227.15    76.16    -3.91    -4.18  8247.80
    332.00   229.49   226.83    74.80    -4.00    -4.00  8267.97
    328.00   228.85   225.55    69.50    -4.32    -4.32  8349.25
    323.00   228.02   225.88    78.98    -4.73    -4.73  8451.86
    322.00   227.85   225.95    81.05    -4.59    -4.59  8472.58
    319.00   227.25   223.95    69.09    -4.15    -4.15  8534.88
    318.00   227.05   224.02    71.15    -4.00    -4.00  8555.70
    313.00   226.05   224.35    82.59    -3.79    -2.66  8660.77
    310.00   225.45   223.85    83.44    -4.00    -3.86  8724.37
    308.00   225.15   223.30    81.05    -3.97    -4.73  8767.00
    306.00   224.85   222.75    78.69    -3.26    -5.65  8809.90
    305.00   224.77   222.09    73.59    -2.83    -6.06  8831.41
    301.00   224.45   219.45    55.89    -1.69    -7.32  8918.16
    300.00   224.25   219.25    55.82    -1.34    -7.60  8940.00
    297.00   223.77   218.17    51.78    -1.61    -9.13  9005.59
    295.00   223.45   217.45    49.20    -1.41    -9.99  9049.68
    292.00   223.25   215.25    38.37    -0.99   -11.29  9116.23
    291.00   223.25   214.25    33.84    -1.97   -11.16  9138.56
    290.00   223.25   213.25    29.81    -1.80   -11.07  9160.96
    280.00   224.85   209.85    15.96    -0.27   -10.02  9390.16
    278.00   224.97   209.18    14.41    -0.00    -9.78  9437.21
    271.00   225.39   206.80     9.95    -1.52    -8.62  9604.59
    270.00   225.45   206.45     9.43    -0.87    -8.77  9628.85
    264.00   227.05   202.05     4.24     3.23    -8.62  9777.07
    263.00   227.26   201.82     4.00     3.92    -8.40  9802.32
    253.00   229.45   199.45     2.23     4.12    -7.14 10060.25
    250.00   229.25   198.25     1.90     4.96    -5.91 10140.00
    245.00   229.84   198.10     1.74     6.31    -5.30 10277.18
    238.00   230.69   197.89     1.54     4.63    -5.52 10474.01
    225.00   232.33   197.48     1.22     7.14    -4.12 10855.42
    218.00   233.25   197.25     1.07     7.49    -4.66 11070.03
    207.00   233.13   197.13     1.06     8.01    -5.61 11424.49
    200.00   233.05   197.05     1.06     7.47    -3.48 11660.00
    195.00   233.32   196.87     1.00     6.29    -2.29 11832.85
    190.00   233.59   196.69     0.95     5.06    -3.54 12010.19
    189.00   233.65   196.65     0.93     5.35    -3.48 12046.22
    180.00   233.27   196.27     0.92     7.96    -2.13 12378.46
    173.00   232.96   195.96     0.90     5.79    -3.34 12648.56
    167.00   232.69   195.69     0.89     5.13    -0.45 12888.93
    162.00   232.45   195.45     0.88     6.29    -2.29 13095.92
    154.00   232.05   195.05     0.86     8.62     1.52 13440.79
    150.00   231.85   194.85     0.85    10.30    -0.00 13620.00
    147.00   231.69   194.74     0.85    11.66    -2.06 13756.07
    144.00   231.52   194.63     0.85     8.95    -2.40 13894.95
    135.00   231.01   194.29     0.85    10.81    -0.00 14329.64
    121.00   230.14   193.71     0.85     6.53    -3.05 15067.06
    116.00   229.80   193.48     0.85     5.15    -0.00 15351.29
    115.00   229.73   193.44     0.85     3.87     1.41 15409.61
    113.00   229.59   193.34     0.85     4.46     2.57 15527.77
    110.00   229.37   193.20     0.85     5.48     3.84 15709.00
    106.00   229.08   193.00     0.85     8.62     1.52 15958.49
    103.00   228.85   192.85     0.85     7.38     1.80 16151.86
    102.00   229.11   192.78     0.82     6.96     1.87 16217.26
    100.00   229.65   192.65     0.76     9.23    -0.81 16350.00
     70.00   225.85   190.85     0.86     9.78    -0.00 18730.00
     50.00   228.25   192.25     0.83    -1.65    -1.97 20970.00
     30.00   230.25   191.25     0.56    -8.01    -5.61 24390.00
     20.00   231.05   192.05     0.59   -10.44     2.80 27120.00
     10.00   238.65   195.65     0.48   -14.36     1.26 31890.00
