
 SNPARM = PRES;TMPK;DWPK;RELH;UWND;VWND;HGHT                                    

 STID = PABE          STNM =    70219    TIME = 200102/1200         
 SLAT =  60.78     SLON =  -161.84   SELV =    33.0
 STIM =  1200

      PRES     TMPK     DWPK     RELH     UWND     VWND     HGHT
    999.00   246.25   244.25    83.10    -0.99    -0.27    33.00
   1000.00 -9999.00 -9999.00 -9999.00 -9999.00 -9999.00    27.00
    997.00   249.85   249.55    97.37    -1.11    -0.27    47.61
    994.00   251.25   249.45    85.30    -1.28    -0.26    69.80
    981.00   251.85   250.05    85.37    -2.04    -0.10   167.13
    976.00   251.85   250.05    85.37    -2.33     0.03   204.96
    962.82   251.14   249.32    85.09    -3.04     0.54   305.00
    925.00   249.05   247.15    84.26    -1.77    -2.53   600.00
    923.73   248.99   247.10    84.32    -1.77    -2.53   610.00
    912.00   248.45   246.65    84.95    -2.40    -3.62   702.76
    885.76   247.48   244.42    75.45    -3.61    -6.24   914.00
    885.00   247.45   244.35    75.18    -3.62    -6.22   920.24
    875.00   247.05   244.85    81.68    -3.84    -5.92  1002.24
    868.00   248.25   243.85    66.74    -3.98    -5.70  1060.30
    850.00   247.85   243.85    69.20    -4.30    -5.12  1212.00
    849.18   247.84   243.83    69.17    -4.30    -5.12  1219.00
    824.00   247.45   243.35    68.45    -4.23    -6.56  1437.46
    814.26   247.96   244.08    70.04    -4.12    -7.14  1524.00
    790.00   249.25   245.95    74.16    -8.64    -8.80  1744.15
    784.00   249.65   245.55    68.98    -9.95    -8.92  1799.88
    780.89   250.58   244.23    56.19   -10.65    -8.93  1829.00
    780.00   250.85   243.85    52.96   -10.63    -8.96  1837.40
    775.00   251.05   245.05    58.20   -10.50    -9.10  1884.69
    749.09   249.76   244.55    62.24    -9.83    -9.83  2134.00
    739.00   249.25   244.35    63.94   -10.35   -10.96  2233.40
    735.00   249.05   244.05    63.30   -10.55   -11.42  2273.03
    726.00   249.65   244.75    64.05   -10.95   -12.49  2363.06
    719.00   250.45   243.45    52.83   -11.23   -13.36  2434.06
    718.61   250.42   243.42    52.82   -11.25   -13.41  2438.00
    700.00   248.85   241.85    52.33   -13.02   -10.92  2630.00
    689.18   247.78   241.60    56.28   -13.49    -9.45  2743.00
    674.00   246.25   241.25    62.54   -13.68    -8.67  2904.66
    669.00   246.25   238.25    46.68   -13.74    -8.41  2958.41
    663.00   246.05   239.05    51.44   -13.80    -8.10  3023.41
    652.00   246.25   235.25    34.55   -13.89    -7.52  3144.12
    633.38   245.74   222.08     8.64   -13.99    -6.53  3353.00
    630.00   245.65   219.65     6.55   -14.35    -7.28  3391.54
    617.00   245.45   219.45     6.51   -15.39   -10.48  3541.59
    607.05   244.62   218.62     6.37   -15.77   -13.23  3658.00
    591.00   243.25   217.25     6.13   -15.53   -13.77  3849.90
    557.28   241.57   218.93     8.81   -14.93   -14.93  4267.00
    551.00   241.25   219.25     9.45   -15.32   -15.67  4347.45
    534.00   240.45   208.45     2.59   -16.33   -17.80  4568.65
    517.00   239.45   218.45    10.22   -17.24   -20.07  4796.16
    511.07   238.86   217.86    10.08   -17.54   -20.90  4877.00
    509.00   238.65   217.65    10.03   -17.72   -21.12  4905.42
    503.00   238.25   225.25    25.39   -18.26   -21.76  4988.28
    500.00   237.65   225.65    28.18   -18.53   -22.09  5030.00
    490.00   236.45   226.45    34.74   -19.53   -22.05  5169.39
    486.00   235.85   227.85    43.07   -19.93   -22.03  5225.72
    484.00   235.85   229.85    53.51   -20.14   -22.02  5254.03
    478.00   235.25   228.25    47.83   -20.76   -21.97  5339.55
    476.00   235.45   227.45    42.93   -20.97   -21.94  5368.27
    474.00   235.05   229.05    53.24   -21.19   -21.92  5397.10
    468.00   234.65   223.65    30.42   -21.83   -21.84  5484.18
    467.88   234.65   223.65    30.42   -21.84   -21.84  5486.00
    467.00   234.65   223.65    30.42   -21.84   -21.84  5498.79
    465.00   234.45   216.45    13.21   -21.84   -21.84  5528.08
    460.00   234.05   219.05    18.88   -21.65   -21.65  5601.79
    458.00   234.05   212.05     7.90   -21.58   -21.58  5631.47
    456.00   234.05   209.05     5.32   -21.50   -21.50  5661.28
    429.00   233.45   205.45     3.46   -20.44   -20.44  6076.50
    427.77   233.37   205.41     3.47   -20.39   -20.39  6096.00
    400.00   231.45   204.45     3.71   -17.75   -14.89  6550.00
    390.89   230.66   203.66     3.61   -14.93   -14.93  6706.00
    384.00   230.05   203.05     3.53   -15.30   -15.84  6826.39
    382.00   230.65   202.65     3.13   -15.41   -16.11  6861.69
    362.00   229.05   203.05     3.93   -16.35   -18.98  7224.37
    357.16   229.57   202.27     3.32   -16.55   -19.72  7315.00
    351.00   230.25   201.25     2.67   -15.64   -16.29  7432.30
    341.30   229.10   201.01     2.91   -13.41   -11.25  7620.00
    320.00   226.45   200.45     3.59   -16.73    -8.12  8051.84
    318.00   226.85   199.85     3.14   -17.02    -7.76  8093.54
    311.53   226.16   199.16     3.06   -17.90    -6.52  8230.00
    305.00   225.45   198.45     2.98    -7.46   -12.93  8370.51
    300.00   226.05   198.05     2.62    -7.72   -13.37  8480.00
    298.00   226.65   197.65     2.30    -6.93   -14.28  8524.37
    297.57   227.05   197.62     2.20    -6.74   -14.46  8534.00
    295.00   229.45   197.45     1.65    -7.11   -14.61  8591.98
    284.30   228.61   196.61     1.58    -8.75   -15.16  8839.00
    271.62   227.58   195.58     1.51    -5.22   -11.20  9144.00
    263.00   226.85   194.85     1.46    -6.23   -10.44  9359.62
    258.00   229.45   194.45     1.03    -6.78    -9.94  9487.94
    250.00   230.05   195.05     1.06    -7.61    -9.07  9700.00
    248.01   230.21   195.02     1.04    -3.20   -11.94  9754.00
    237.10   231.13   194.88     0.92    -3.54    -5.06 10058.00
    226.64   232.05   194.74     0.82    -1.07    -6.09 10363.00
    220.00   232.65   194.65     0.76    -1.37    -7.76 10563.92
    216.65   232.46   194.62     0.77    -1.52    -8.62 10668.00
    207.12   231.89   194.52     0.81     0.98    -5.57 10973.00
    200.00   231.45   194.45     0.83     2.82    -7.74 11210.00
    198.00   231.18   194.18     0.82     4.12    -7.14 11278.00
    197.00   231.05   194.05     0.82     3.66    -7.31 11312.30
    189.33   232.42   194.66     0.78    -0.00    -7.72 11582.00
    187.00   232.85   194.85     0.77     0.73    -7.54 11665.98
    181.04   232.92   194.75     0.75     2.47    -6.78 11887.00
    173.12   233.01   194.61     0.73     0.67    -7.69 12192.00
    165.55   233.10   194.47     0.70     3.35    -5.79 12497.00
    158.31   233.19   194.34     0.68     2.47    -6.78 12802.00
    154.00   233.25   194.25     0.67     3.18    -5.01 12990.40
    151.41   233.12   194.12     0.66     3.31    -3.95 13106.00
    150.00   233.05   194.05     0.66     1.60    -5.97 13170.00
    144.78   232.48   193.48     0.64     1.25    -7.10 13411.00
    141.00   232.05   193.05     0.63     2.06    -7.22 13590.97
    138.44   233.17   193.66     0.61     2.64    -7.25 13716.00
    136.00   234.25   194.25     0.60     3.87    -6.21 13837.25
    132.38   233.48   194.12     0.64     5.12    -4.30 14021.00
    126.59   232.21   193.91     0.71     4.89    -8.47 14326.00
    125.00   231.85   193.85     0.73     6.15    -6.65 14412.30
    121.07   232.22   193.76     0.69     6.96    -1.87 14630.00
    115.76   232.75   193.63     0.64     8.28    -6.95 14935.00
    110.69   233.27   193.49     0.59     9.33    -4.35 15240.00
    109.00   233.45   193.45     0.58     9.91    -3.92 15344.55
    105.83   232.41   192.93     0.59    10.94    -2.93 15545.00
    103.00   231.45   192.45     0.61     9.81    -5.02 15729.59
    101.19   231.81   192.81     0.62     8.86    -6.20 15850.00
    100.00   232.05   193.05     0.63     9.36    -5.40 15930.00
     96.75   231.94   192.94     0.62     8.92    -5.15 16154.00
     70.00   230.85   191.85     0.58    10.65    -1.88 18350.00
     50.00   230.45   191.45     0.57    16.99    -0.00 20610.00
     30.00   232.25   191.25     0.46    17.50    -0.00 24060.00
     20.00   233.85   191.85     0.43    14.42     3.86 26830.00
     10.00   238.45   195.45     0.48    21.11    -0.00 31580.00
      8.10   233.85   191.85     0.43    21.28     7.75 33036.67
