
 SNPARM = PRES;TMPK;DWPK;RELH;UWND;VWND;HGHT                                    

 STID = PAOM          STNM =    70200    TIME = 200101/1200         
 SLAT =  64.50     SLON =  -165.43   SELV =     7.0
 STIM =  1200

      PRES     TMPK     DWPK     RELH     UWND     VWND     HGHT
   1001.00   252.05   246.05    58.48    -0.00   -14.93     7.00
   1000.00   252.25   245.25    53.39     0.90   -10.26    16.00
    999.00   252.05   245.05    53.33     0.89   -10.39    23.38
    977.00   251.25   245.25    58.25     0.48   -13.33   187.23
    961.35   250.13   244.95    62.57    -0.00   -15.44   305.00
    925.00   247.45   244.25    74.48     5.44   -11.66   586.00
    921.93   247.25   244.19    75.44     5.44   -11.66   610.00
    910.00   246.45   243.95    79.33     4.46   -13.08   704.19
    907.00   246.45   243.55    76.41     4.17   -13.43   728.02
    905.00   245.85   244.15    85.41     3.97   -13.66   743.92
    893.00   245.05   243.95    90.25     2.61   -14.98   839.84
    886.00   244.85   242.75    82.12     1.70   -15.69   896.27
    883.81   244.63   242.78    84.02     1.39   -15.90   914.00
    878.00   244.05   242.85    89.32     1.00   -17.24   961.18
    871.00   243.85   242.35    86.79     0.41   -18.84  1018.34
    862.00   243.65   241.65    82.72    -0.51   -20.90  1092.46
    859.00   244.85   241.55    73.24    -0.87   -21.58  1117.38
    856.00   245.25   241.75    71.94    -1.24   -22.25  1142.48
    850.00   245.45   241.35    67.97    -2.06   -23.59  1193.00
    846.95   245.85   241.27    64.96    -2.06   -23.59  1219.00
    832.00   247.85   240.85    52.02    -2.35   -22.14  1347.58
    816.00   247.25   240.25    51.83    -2.60   -20.56  1488.33
    811.00   248.45   240.45    47.41    -2.67   -20.06  1532.93
    800.00   247.65   239.65    47.15    -2.79   -18.94  1632.12
    791.00   248.45   239.45    43.02    -2.87   -18.02  1714.29
    778.59   247.99   238.99    42.86    -2.95   -16.73  1829.00
    759.00   247.25   238.25    42.61    -1.84   -15.01  2013.97
    746.45   246.34   237.99    45.12    -1.21   -13.85  2134.00
    721.00   244.45   237.45    50.93    -0.22   -13.90  2383.70
    715.54   244.30   237.04    49.59    -0.00   -13.90  2438.00
    700.00   243.85   235.85    45.87     4.93   -13.54  2595.00
    689.00   243.25   235.25    45.67     3.69   -12.71  2708.18
    685.66   243.72   234.36    39.89     3.33   -12.43  2743.00
    672.00   245.65   230.65    22.62     1.53   -11.06  2887.35
    659.00   244.65   230.65    24.81     0.16    -9.51  3027.85
    657.16   244.83   229.73    22.11    -0.00    -9.27  3048.00
    649.00   245.65   225.65    13.10    -0.68    -8.79  3137.83
    607.00   244.45   215.45     4.39    -3.00    -5.63  3618.79
    603.67   244.22   215.58     4.55    -3.09    -5.35  3658.00
    571.00   241.85   216.85     6.67    -5.63    -2.54  4054.91
    554.10   241.08   215.12     5.79    -6.16    -0.54  4267.00
    520.00   239.45   211.45     4.25    -7.01     3.17  4715.42
    508.14   238.51   210.51     4.12    -6.75     4.73  4877.00
    500.00   237.85   209.85     4.03    -7.58     4.38  4990.00
    486.15   236.66   209.27     4.20    -6.24     3.61  5182.00
    465.00   234.77   208.35     4.50    -6.79     9.70  5486.00
    425.29   230.99   206.51     5.19    -7.47    12.93  6096.00
    416.00   230.05   206.05     5.39    -7.95    11.97  6246.99
    400.00   229.05   205.05     5.22    -8.60    10.25  6510.00
    388.40   227.96   203.96     5.04    -8.27     9.86  6706.00
    377.00   226.85   202.85     4.86    -7.10    10.73  6904.32
    371.03   226.58   202.12     4.51    -6.44    11.15  7010.00
    364.00   226.25   201.25     4.12    -8.01     8.01  7136.54
    354.27   226.03   200.89     4.01    -8.68     7.28  7315.00
    338.24   225.64   200.26     3.82    -8.68     7.28  7620.00
    322.93   225.26   199.64     3.63    -7.89     6.62  7925.00
    300.00   224.65   198.65     3.36    -3.31     3.95  8410.00
    294.42   224.46   196.61     2.51    -3.61     6.24  8534.00
    294.00   224.45   196.45     2.45    -3.74     6.16  8543.50
    281.20   225.11   195.74     2.04    -6.78     2.47  8839.00
    268.58   225.79   195.00     1.68    -4.73     4.73  9144.00
    256.52   226.47   194.26     1.39    -2.58     4.46  9449.00
    250.00   226.85   193.85     1.25    -0.22     2.56  9620.00
    239.00   227.65   193.65     1.11     1.10     1.05  9919.30
    234.07   227.44   193.44     1.09     0.97     0.35 10058.00
    225.00   227.05   193.05     1.07     1.57     1.11 10320.99
    213.63   228.72   193.05     0.89     1.77     2.53 10668.00
    205.00   230.05   193.05     0.77     4.33     3.25 10943.73
    204.11   230.05   193.23     0.80     4.64     3.25 10973.00
    200.00   230.05   194.05     0.91     7.10    -1.25 11110.00
    195.08   230.36   193.97     0.87     6.59    -1.16 11278.00
    186.48   230.93   193.83     0.80     7.60    -1.34 11582.00
    178.23   231.49   193.69     0.74     6.09     1.07 11887.00
    176.00   231.65   193.65     0.72     6.59     1.49 11971.84
    170.35   230.84   193.35     0.75     7.74     2.82 12192.00
    165.00   230.05   193.05     0.77     6.40    -0.52 12406.95
    162.81   230.39   193.18     0.76     5.47    -1.46 12497.00
    155.00   231.65   193.65     0.72     5.47    -1.46 12828.46
    150.00   231.05   193.05     0.70     5.47    -1.46 13050.00
    142.18   230.43   192.87     0.72     8.22    -2.99 13411.00
    133.00   229.65   192.65     0.76     9.19     1.14 13860.51
    126.00   231.65   192.65     0.61     8.46     4.68 14225.30
    124.14   231.16   192.77     0.66     8.01     5.61 14326.00
    123.00   230.85   192.85     0.69     8.74     4.61 14388.31
    118.69   231.54   193.15     0.67    10.30    -0.00 14630.00
    112.00   232.65   193.65     0.65     9.87     4.77 15023.41
    108.47   231.61   193.05     0.65     8.68     7.28 15240.00
    104.00   230.25   192.25     0.67    10.15     8.51 15525.15
    103.69   230.34   192.26     0.66    10.25     8.60 15545.00
    100.00   231.45   192.45     0.61    14.91     4.00 15790.00
     99.12   231.45   192.43     0.60    15.21     2.68 15850.00
     94.78   231.48   192.33     0.59    14.91     4.00 16154.00
     70.00   231.65   191.65     0.52    22.06     1.93 18210.00
     60.80   227.85   190.85     0.69    23.32     4.11 19161.10
     50.00   231.25   191.25     0.51    21.88     5.86 20480.00
     30.00   231.65   190.65     0.44    27.18     2.38 23920.00
     20.00   233.65   191.65     0.42    29.34     7.86 26680.00
     14.70   234.72   192.72     0.45    35.81     9.59 28789.87
     10.00   236.05   194.05     0.49    33.38    12.15 31430.00
