
 SNPARM = PRES;TMPK;DWPK;RELH;UWND;VWND;HGHT                                    

 STID = PAFA          STNM =    70261    TIME = 200107/1200         
 SLAT =  64.81     SLON =  -147.88   SELV =   134.0
 STIM =  1200

      PRES     TMPK     DWPK     RELH     UWND     VWND     HGHT
   1006.00   235.25   231.75    69.60     0.33    -0.39   134.00
   1004.00   236.45   233.65    75.16     0.47    -0.20   149.93
   1000.00   237.05   233.55    70.04     0.44     0.25   182.00
    999.00   237.65   234.35    71.64     0.44     0.35   188.94
    997.00   238.85   235.75    73.39     0.39     0.57   202.89
    993.00   239.05   235.75    71.96     0.00     0.92   230.95
    982.57   240.61   237.31    72.32    -1.54     0.00   305.00
    981.00   240.85   237.55    72.37    -1.50    -0.02   316.19
    972.00   244.05   240.85    73.78    -1.27    -0.14   381.48
    969.00   244.25   241.25    75.26    -1.19    -0.17   403.53
    967.00   245.65   241.85    70.00    -1.14    -0.19   418.32
    961.00   245.85   241.35    65.51    -0.98    -0.23   463.01
    950.00   248.05   243.35    64.84    -0.68    -0.25   546.08
    941.69   248.58   244.08    66.19    -0.46    -0.22   610.00
    925.00   249.65   245.55    68.98     1.32     1.58   740.00
    908.00   250.65   246.95    71.78     1.53     0.64   876.10
    903.33   250.37   246.95    73.58     1.49     0.40   914.00
    898.00   250.05   246.95    75.69     1.83    -0.07   957.42
    886.00   251.25   248.35    77.30     1.89    -1.64  1056.33
    866.64   250.67   248.35    81.35    -0.93    -3.48  1219.00
    866.00   250.65   248.35    81.49    -1.01    -3.41  1224.40
    855.00   252.05   249.45    79.54    -1.96    -2.11  1318.65
    850.00   251.85   249.45    80.94    -2.11    -1.47  1362.00
    831.55   252.69   250.87    85.37    -5.15     0.00  1524.00
    828.00   252.85   251.15    86.25    -5.15    -0.19  1555.61
    797.87   251.52   250.98    95.44    -4.84    -1.76  1829.00
    792.00   251.25   250.95    97.40    -4.86    -1.03  1883.42
    784.00   251.05   249.45    86.81    -4.71    -0.08  1958.02
    773.00   250.25   248.65    86.72    -4.23     1.08  2061.63
    770.00   250.25   245.55    65.40    -4.05     1.35  2090.10
    768.00   250.05   246.05    69.71    -3.92     1.53  2109.13
    765.39   249.95   244.90    63.29    -3.73     1.74  2134.00
    763.00   249.85   243.85    57.85    -3.72     1.77  2156.89
    761.00   249.85   240.85    43.49    -3.71     1.79  2176.07
    759.00   249.85   239.85    39.47    -3.70     1.81  2195.30
    753.00   249.45   244.45    63.40    -3.67     1.87  2253.26
    750.00   249.25   244.35    63.94    -3.66     1.90  2282.38
    748.00   249.25   243.25    57.67    -3.65     1.92  2301.84
    746.00   249.25   239.25    39.27    -3.64     1.94  2321.37
    744.00   249.05   241.05    47.61    -3.62     1.96  2340.93
    743.00   249.05   239.05    39.20    -3.62     1.97  2350.73
    738.00   248.65   237.65    35.38    -3.59     2.02  2399.87
    734.13   248.33   237.33    35.27    -3.57     2.06  2438.00
    726.00   247.65   236.65    35.04    -3.78     1.96  2518.86
    718.00   247.25   240.25    51.83    -3.99     1.84  2599.05
    710.00   246.45   240.45    56.84    -4.19     1.70  2679.96
    703.81   245.83   239.83    56.66    -4.35     1.58  2743.00
    702.00   245.65   239.65    56.60    -3.99     1.84  2761.51
    700.00   245.45   240.45    62.32    -3.57     2.06  2782.00
    689.00   244.45   240.85    71.07    -3.23     3.22  2895.39
    681.00   244.05   239.45    64.40    -2.74     4.04  2978.76
    674.38   243.40   239.56    69.19    -2.18     4.67  3048.00
    651.00   241.05   239.95    89.90    -2.50     4.50  3298.12
    649.00   240.85   238.45    79.12    -2.53     4.48  3319.79
    645.94   240.57   238.33    80.36    -2.58     4.46  3353.00
    636.00   239.65   237.95    84.60    -2.23     4.84  3461.86
    634.00   239.45   236.95    78.09    -2.15     4.92  3483.91
    628.00   239.05   237.15    82.85    -1.90     5.14  3550.39
    625.00   238.85   235.65    72.65    -1.77     5.24  3583.83
    618.36   238.22   235.50    76.17    -1.46     5.47  3658.00
    598.00   236.25   235.05    88.54    -3.65     6.25  3890.40
    597.00   236.25   234.65    85.00    -3.77     6.26  3901.95
    591.82   236.03   234.06    81.82    -4.43     6.32  3962.00
    583.00   235.65   233.05    76.57    -3.96     6.43  4065.57
    566.12   234.43   231.27    71.97    -3.05     6.53  4267.00
    553.00   233.45   229.85    68.41    -2.14     8.29  4427.67
    543.00   232.65   230.15    76.78    -1.06     9.55  4551.95
    541.40   232.54   229.51    72.49    -0.85     9.74  4572.00
    540.00   232.45   228.95    68.89    -0.86     9.83  4589.60
    533.00   231.85   229.15    74.98    -0.90    10.28  4678.11
    528.00   231.65   228.15    68.69    -0.93    10.60  4741.94
    523.00   231.45   229.55    81.66    -0.96    10.93  4806.32
    520.00   231.25   228.55    74.85    -0.97    11.13  4845.21
    519.00   231.45   228.55    73.28    -0.98    11.19  4858.22
    517.56   231.59   226.47    57.40    -0.99    11.29  4877.00
    517.00   231.65   225.65    52.10    -1.04    11.23  4884.35
    515.00   231.45   226.65    59.48    -1.25    11.04  4910.57
    513.00   231.45   225.45    52.03    -1.44    10.84  4936.89
    512.00   231.45   228.65    74.08    -1.53    10.74  4950.09
    507.00   230.85   229.35    85.16    -1.98    10.21  5016.38
    500.00   230.05   228.75    86.92    -2.53     9.45  5110.00
    497.00   229.65   228.55    88.78    -2.56     9.42  5150.67
    496.00   229.65   227.75    81.36    -2.57     9.41  5164.27
    495.00   229.65   224.65    57.60    -2.58     9.40  5177.89
    494.00   229.85   223.85    51.48    -2.59     9.39  5191.55
    493.00   229.65   222.65    45.83    -2.60     9.38  5205.24
    492.00   230.05   213.05    13.67    -2.61     9.37  5218.96
    491.00   230.05   210.05     9.25    -2.62     9.36  5232.72
    431.89   228.30   206.70     7.12    -3.17     8.71  6096.00
    418.00   227.85   205.85     6.65    -2.64     8.19  6316.07
    400.00   226.45   204.45     6.38    -2.00     7.46  6610.00
    394.25   225.96   203.96     6.29    -2.00     7.46  6706.00
    393.00   225.85   203.85     6.27    -2.11     7.33  6727.03
    385.00   226.25   204.25     6.34    -2.73     6.51  6863.30
    369.00   225.05   207.05    10.71    -3.50     4.72  7144.05
    359.51   224.55   205.42     9.04    -3.64     3.64  7315.00
    343.19   223.66   202.50     6.62     0.00     3.60  7620.00
    329.00   222.85   199.85     4.93     0.00     2.57  7897.25
    327.61   222.85   199.71     4.83     0.18     2.05  7925.00
    312.66   222.85   198.19     3.85     3.31     3.95  8230.00
    300.00   222.85   196.85     3.13     4.10     0.36  8500.00
    284.80   222.10   196.73     3.35     4.67     2.18  8839.00
    276.00   221.65   196.65     3.49     5.78     0.84  9043.56
    271.79   221.99   196.21     3.14     6.18    -0.00  9144.00
    259.39   223.03   194.89     2.26     6.96    -1.87  9449.00
    250.00   223.85   193.85     1.75     8.21    -0.72  9690.00
    245.00   224.85   193.85     1.56     8.63    -0.46  9821.92
    226.00   222.65   192.65     1.65    10.22     0.85 10347.62
    225.46   222.65   192.63     1.65    10.26     0.90 10363.00
    215.10   222.73   192.33     1.55    11.79     1.03 10668.00
    200.00   222.85   191.85     1.42    13.85    -1.21 11140.00
    196.00   222.25   191.25     1.38    14.33    -0.88 11271.89
    186.92   222.81   191.01     1.24    15.44    -0.00 11582.00
    178.41   223.36   190.78     1.12    13.06    -4.75 11887.00
    174.00   223.65   190.65     1.06    13.72    -2.24 12050.53
    170.27   223.24   190.50     1.08    13.90    -0.00 12192.00
    162.51   222.35   190.16     1.14    16.22    -2.86 12497.00
    160.00   222.05   190.05     1.15    16.17    -2.57 12598.87
    150.00   222.85   189.85     1.02    15.90    -1.39 13020.00
    141.31   223.43   189.85     0.95    17.43     1.53 13411.00
    122.00   224.85   189.85     0.81    19.92     0.83 14373.12
    106.82   222.18   188.66     0.90    22.14    -0.00 15240.00
    102.00   221.25   188.25     0.93    22.46    -1.37 15541.53
    100.00   222.25   188.25     0.83    22.56    -1.97 15670.00
     97.28   222.33   188.25     0.82    22.56    -1.97 15850.00
     70.00   223.25   188.25     0.74    30.37    -0.00 18000.00
     50.00   222.85   187.85     0.72    37.52     6.62 20200.00
     30.00   222.05   188.05     0.82    43.08     3.77 23520.00
     20.00   226.65   188.65     0.54    51.48    -0.00 26180.00
     10.00   235.25   193.25     0.46    48.17    -8.49 30850.00
      8.50 -9999.00 -9999.00 -9999.00    53.21   -19.37 -9999.00
