
 SNPARM = PRES;TMPK;DWPK;RELH;UWND;VWND;HGHT                                    

 STID = PANT          STNM =    70398    TIME = 200101/1200         
 SLAT =  55.05     SLON =  -131.59   SELV =    35.0
 STIM =  1200

      PRES     TMPK     DWPK     RELH     UWND     VWND     HGHT
    987.00   278.75   278.35    97.26    -2.98     0.80    35.00
   1000.00 -9999.00 -9999.00 -9999.00 -9999.00 -9999.00   -68.00
    965.00   277.55   277.55   100.00    -4.36     4.51   220.88
    955.18   277.49   277.49   100.00    -3.86     6.69   305.00
    934.00   277.35   277.35   100.00    -0.30     8.43   489.44
    933.00   277.35   277.35   100.00    -0.11     8.47   498.25
    925.00   276.95   276.95   100.00     1.52     8.62   569.00
    920.31   276.71   276.71   100.00     2.13     7.96   610.00
    886.28   274.92   274.92   100.00     4.14     5.91   914.00
    854.00   273.15   273.15   100.00     4.63     5.53  1213.40
    853.40   273.14   273.14   100.00     4.63     5.52  1219.00
    850.00   273.05   273.05   100.00     4.30     5.12  1251.00
    821.17   271.73   271.67    99.55     1.07     3.98  1524.00
    790.12   270.26   270.13    99.03     3.26     7.00  1829.00
    760.24   268.78   268.58    98.50     4.63     8.03  2134.00
    731.58   267.31   267.04    97.97     4.13     8.86  2438.00
    719.00   266.65   266.35    97.73     3.83    10.24  2575.24
    718.00   266.65   266.35    97.73     3.80    10.35  2586.12
    703.69   265.54   265.32    98.31     3.20    11.94  2743.00
    700.00   265.25   265.05    98.46     2.15    12.17  2784.00
    650.17   261.81   261.32    96.11     1.08    12.31  3353.00
    624.94   259.97   259.31    94.81     2.53     9.45  3658.00
    618.00   259.45   258.75    94.44     2.53     9.45  3743.99
    593.00   257.05   256.75    97.53     2.53     9.45  4057.08
    576.60   255.44   254.74    94.23     2.53     9.45  4267.00
    553.58   253.11   251.83    89.46     2.00     7.46  4572.00
    553.00   253.05   251.75    89.34     2.02     7.48  4579.90
    531.21   250.88   250.39    95.82     2.99     8.22  4877.00
    529.00   250.65   250.25    96.53     3.07     8.27  4907.83
    500.00   247.65   245.35    81.02     4.13     8.86  5320.00
    485.00   246.05   241.65    66.19     5.03     9.54  5539.52
    467.00   243.65   239.75    68.85     6.25    10.29  5809.86
    459.00   242.45   236.45    55.62     6.84    10.59  5932.45
    448.39   241.07   235.76    59.19     7.67    10.96  6096.00
    416.00   236.65   233.55    72.90     8.81    14.26  6620.26
    405.00   235.25   234.35    91.21     9.13    15.48  6804.83
    401.00   234.65   233.25    86.56     9.24    15.93  6872.90
    400.00   234.65   233.05    84.78     9.26    16.05  6890.00
    398.00   234.25   231.65    76.29     9.26    16.05  6924.45
    393.05   233.52   231.19    78.39     9.26    16.05  7010.00
    382.00   231.85   230.15    83.49     9.79    15.93  7204.71
    380.00   231.45   229.35    79.91     9.89    15.90  7240.35
    377.00   231.05   226.85    63.44    10.03    15.86  7294.07
    359.16   227.86   226.85    89.46    10.93    15.60  7620.00
    358.00   227.65   226.85    91.56    10.89    15.55  7641.67
    352.00   226.65   223.75    72.16    10.67    15.23  7754.20
    351.00   226.45   222.05    60.65    10.63    15.18  7773.08
    346.00   226.05   220.05    50.14    10.45    14.92  7868.22
    343.05   226.20   218.72    42.09    10.34    14.76  7925.00
    342.00   226.25   218.25    39.52    11.26    14.07  7945.28
    327.61   225.80   214.79    27.13    18.02    -0.00  8230.00
    323.00   225.65   213.65    23.89    18.17    -0.77  8323.77
    313.00   225.05   213.05    23.67    18.38    -2.51  8531.47
    300.00   223.05   213.05    29.73    18.40    -4.93  8810.00
    298.66   222.82   212.90    29.95    17.90    -4.80  8839.00
    284.92   220.42   211.36    32.48    18.76    -3.31  9144.00
    284.00   220.25   211.25    32.67    18.86    -3.11  9164.99
    264.00   217.65   208.65    31.64    20.51     1.79  9632.20
    261.00   218.85   206.85    21.44    19.76     1.73  9705.08
    258.00   218.25   207.25    24.34    19.00     1.66  9778.91
    253.00   218.25   204.25    16.05    17.71     1.55  9903.72
    250.00   219.45   201.45     9.30    16.93     1.48  9980.00
    248.00   220.05   201.05     8.17    18.36    -0.54 10031.80
    247.01   220.27   201.20     8.13    18.98    -1.66 10058.00
    235.77   222.88   202.97     7.74    18.38     6.69 10363.00
    225.04   225.49   204.73     7.40    22.06     1.93 10668.00
    222.00   226.25   205.25     7.30    22.55     1.39 10757.08
    214.90   226.25   204.94     6.99    23.68    -0.00 10973.00
    200.00   226.25   204.25     6.34    22.56     1.97 11450.00
    178.84   227.11   203.68     5.32    25.13     2.20 12192.00
    171.00   227.45   203.45     4.96    21.96     1.92 12489.65
    155.85   226.88   200.05     3.22    15.38     1.35 13106.00
    150.00   226.65   198.65     2.68    21.03     1.84 13360.00
    142.14   226.52   198.74     2.76    23.17    -0.00 13716.00
    135.74   226.40   198.82     2.83    20.00    -1.75 14021.00
    123.80   226.17   198.97     2.97    20.88     5.60 14630.00
    118.00   226.05   199.05     3.04    20.65     2.61 14947.19
    112.89   226.77   198.33     2.52    20.08    -0.00 15240.00
    111.00   227.05   198.05     2.34    19.88    -0.64 15352.06
    107.80   226.06   197.96     2.58    19.49    -1.70 15545.00
    104.00   224.85   197.85     2.91    16.59    -0.76 15782.17
    100.00   225.05   196.05     2.15    13.38    -0.00 16040.00
     98.29   225.09   196.04     2.14    12.87    -0.00 16154.00
     70.00   225.85   195.85     1.91    16.41     4.40 18400.00
     50.00   225.25   190.25     0.83     7.18     0.63 20620.00
     30.00   227.45   190.45     0.67     6.32    -4.43 24000.00
     20.00   230.25   191.25     0.56    -0.00    -9.27 26720.00
     10.00   233.65   192.65     0.50    -5.46   -15.00 31450.00
      4.90 -9999.00 -9999.00 -9999.00   -11.09   -30.47 -9999.00
