
 SNPARM = PRES;TMPK;DWPK;RELH;UWND;VWND;HGHT                                    

 STID =               STNM =     3882    TIME = 200701/0000         
 SLAT =  50.90     SLON =     0.31   SELV =     0.0
 STIM =  2300

      PRES     TMPK     DWPK     RELH     UWND     VWND     HGHT
   1001.00   288.55   288.15    97.46     1.03     1.78     0.00
   1000.00   288.55   288.15    97.46     1.03     1.78    63.00
    988.00   288.02   287.69    97.84     4.22     2.95   165.05
    963.00   286.91   286.70    98.66     8.86     4.13   381.69
    925.00   285.15   285.15   100.00    16.44     5.99   722.00
    916.00   284.72   284.64    99.44    17.41     6.34   803.94
    904.00   284.15   283.95    98.68    16.33     7.62   914.45
    876.00   283.55   283.45    99.33    18.78     8.76  1177.34
    872.00   283.33   283.16    98.89    19.13     8.92  1215.47
    858.00   282.55   282.15    97.34    17.74     9.50  1350.30
    851.00   281.55   279.75    88.43    17.04     9.75  1418.27
    850.00   281.55   279.85    89.04    16.94     9.78  1428.00
    832.00   281.55   280.30    91.83    16.79     7.83  1605.20
    830.00   281.55   280.35    92.15    16.79     8.19  1625.12
    812.00   280.35   279.49    94.28    16.45    11.52  1806.19
    809.00   280.15   279.35    94.65    16.65    11.35  1836.75
    802.00   280.35   280.25    99.32    17.12    10.95  1908.37
    788.00   279.55   279.55   100.00    18.05    10.09  2053.36
    783.00   279.15   278.75    97.27    18.37     9.76  2105.65
    778.00   278.35   276.25    86.30    18.69     9.42  2158.13
    771.00   277.95   275.96    86.97    19.13     8.92  2231.86
    754.00   276.95   275.25    88.65    16.33     7.62  2413.72
    753.00   276.90   275.16    88.44    16.33     7.62  2424.50
    736.00   275.95   273.65    84.82    18.14     6.68  2609.91
    701.00   274.20   273.07    92.13    21.80     3.84  3003.47
    700.00   274.15   273.05    92.36    21.80     3.84  3015.00
    684.00   273.05   272.65    97.13    22.96     4.96  3200.91
    664.00   271.78   270.65    92.03    24.37     6.53  3438.37
    662.00   271.65   270.45    91.52    24.69     6.80  3462.51
    645.00   270.25   269.35    93.51    27.32     9.38  3669.56
    642.00   270.05   268.45    88.70    27.76     9.87  3706.54
    640.00   269.96   268.41    88.99    28.06    10.21  3731.27
    633.00   269.65   268.25    90.02    27.47    10.86  3818.42
    623.00   268.85   266.25    82.06    26.59    11.75  3944.30
    618.00   268.70   266.36    83.75    26.13    12.18  4007.86
    610.00   268.45   266.55    86.54    25.37    10.72  4110.62
    599.00   267.43   265.09    83.55    24.19     8.80  4253.64
    595.00   267.05   264.55    82.46    24.57     8.94  4306.31
    584.00   266.25   264.05    84.31    25.63     9.33  4452.35
    579.00   265.82   262.91    79.65    26.12     9.51  4519.45
    577.00   265.65   262.45    77.83    26.11     9.62  4546.46
    568.00   265.25   263.35    86.20    26.03    10.15  4668.92
    560.00   264.85   262.55    83.47    25.94    10.63  4779.25
    539.00   262.65   261.75    93.09    25.68    11.91  5075.07
    520.00   261.05   260.35    94.51    25.37    13.11  5350.79
    500.00   259.05   257.85    90.61    24.97    14.41  5650.00
    481.00   257.84   256.56    89.86    24.46    17.13  5942.83
    478.00   257.65   256.35    89.74    24.89    17.22  5990.12
    467.00   256.45   254.75    86.65    26.50    17.51  6165.19
    437.00   253.45   252.45    91.73    31.21    18.02  6660.31
    425.00   252.05   250.45    86.92    30.79    17.78  6866.13
    411.00   250.25   249.15    90.69    30.28    17.48  7112.13
    400.00   248.65   247.35    88.93    29.87    17.24  7310.00
    394.00   247.85   246.35    87.24    29.70    17.15  7419.94
    385.00   246.45   245.35    90.37    29.45    17.00  7587.28
    377.00   245.45   243.75    85.36    29.21    16.87  7738.60
    370.00   244.65   243.35    88.54    29.01    16.75  7873.16
    369.00   244.49   243.16    88.26    28.98    16.73  7892.42
    348.00   241.05   239.05    82.33    31.74    17.04  8309.29
    346.00   240.85   239.25    85.60    32.02    17.06  8349.97
    340.00   239.85   237.25    77.39    32.86    17.11  8473.13
    338.00   239.45   235.75    69.20    33.14    17.13  8514.54
    337.00   239.25   236.55    76.50    33.28    17.14  8535.32
    335.00   238.85   235.45    71.19    33.57    17.15  8576.99
    331.00   238.05   235.25    75.49    34.15    17.17  8660.89
    322.00   236.65   232.85    67.79    35.48    17.20  8852.53
    320.00   236.45   233.25    72.11    35.78    17.20  8895.70
    313.00   235.49   231.86    68.74    36.86    17.19  9048.29
    307.00   234.65   230.65    65.86    35.52    18.32  9181.82
    305.00   234.45   231.35    72.40    35.06    18.68  9226.72
    302.00   233.85   229.35    62.20    34.36    19.21  9294.51
    300.00   233.65   229.95    67.73    33.88    19.56  9340.00
    299.00   233.45   230.05    69.89    33.82    19.53  9362.78
    298.00   233.25   228.65    61.35    33.77    19.50  9385.62
    296.00   232.85   229.35    69.00    33.66    19.43  9431.48
    294.00   232.85   231.25    84.53    33.55    19.37  9477.60
    293.00   232.45   229.35    71.94    33.49    19.34  9500.76
    292.00   232.25   230.15    80.06    33.44    19.30  9523.97
    289.00   231.85   228.55    70.25    33.56    19.37  9593.99
    288.00   231.65   228.95    74.93    33.60    19.40  9617.46
    286.00   231.25   227.85    69.34    33.68    19.44  9664.58
    282.00   230.45   227.25    70.68    33.84    19.54  9759.57
    280.00   230.05   227.75    77.94    33.92    19.58  9807.45
    279.00   230.05   227.45    75.41    33.96    19.61  9831.50
    278.00   229.65   224.85    58.92    34.00    19.63  9855.61
    276.00   229.45   226.45    72.02    34.08    19.68  9904.04
    274.00   229.05   225.55    68.01    34.17    19.73  9952.75
    271.00   228.65   225.45    70.23    34.29    19.80 10026.36
    268.00   228.05   223.05    57.08    34.42    19.87 10100.62
    263.00   227.05   224.25    73.08    34.64    20.00 10225.82
    260.00   226.25   222.95    68.82    34.77    20.07 10301.78
    257.00   225.65   222.65    71.09    34.90    20.15 10378.39
    254.00   225.25   219.25    49.85    35.04    20.23 10455.73
    250.00   224.45   219.65    57.24    35.22    20.33 10560.00
    241.00   222.05   219.05    70.17    35.55    20.53 10800.22
    238.00   221.75   217.40    59.54    35.66    20.59 10881.77
    237.00   221.65   216.85    56.29    35.66    20.46 10909.19
    232.00   220.25   216.35    62.40    35.66    19.81 11047.45
    230.00   220.45   214.45    48.09    35.65    19.54 11103.44
    227.00   220.25   212.25    37.19    35.64    19.15 11188.34
    224.00   219.45   212.45    41.98    35.62    18.74 11274.17
    218.00   219.05   209.05    28.19    35.58    17.93 11448.87
    214.00   218.05   208.05    27.80    35.53    17.37 11567.64
    211.00   218.25   206.25    21.22    35.50    16.96 11658.02
    208.00   217.93   205.93    21.11    35.45    16.53 11749.49
    200.00   217.05   205.05    20.79    34.53    16.10 12000.00
    188.00   215.69   203.69    20.30    28.25    19.78 12390.57
    186.00   215.45   203.45    20.21    29.10    20.37 12458.09
    183.00   215.72   202.38    16.78    31.21    18.02 12560.58
    175.00   216.45   199.45     9.97    29.12    12.23 12842.35
    172.00   217.72   199.03     8.01    28.06    10.21 12952.36
    168.00   219.45   198.45     5.96    24.77    11.52 13102.05
    164.00   219.71   198.19     5.56    21.40    12.35 13256.77
    157.00   220.17   197.73     4.90    22.87     6.13 13536.82
    153.00   220.45   197.45     4.55    19.57     6.48 13702.51
    151.00   220.58   197.58     4.57    17.90     6.52 13787.22
    150.00   220.65   197.65     4.58    17.90     6.52 13830.00
    145.00   219.25   194.25     3.18    16.98     7.37 14048.38
    136.00   220.76   191.98     1.85    15.16     8.75 14462.09
    131.00   221.65   190.65     1.34    16.77     6.71 14703.92
    127.00   221.13   189.49     1.17    17.90     4.80 14903.41
    116.00   219.63   186.10     0.78    12.65     8.86 15486.20
    106.00   218.13   182.72     0.51    13.18     2.32 16066.12
    103.00   217.65   181.65     0.44    13.53     6.29 16250.81
    102.00   218.24   181.91     0.43    13.37     7.72 16313.25
    100.00   219.45   182.45     0.41    15.00     5.46 16440.00
     77.10   218.45   182.45     0.47     6.31     5.30 18117.03
     70.00   219.45   182.45     0.41     3.09     5.35 18740.00
     50.00   221.05   184.05     0.46     3.55    -0.63 20910.00
     30.00   224.05   186.05     0.46   -11.29    -0.99 24240.00
     20.00   228.65   188.65     0.43   -12.17    -2.15 26930.00
