
 SNPARM = PRES;TMPK;DWPK;RELH;UWND;VWND;HGHT                                    

 STID = PABE          STNM =    70219    TIME = 200105/1200         
 SLAT =  60.78     SLON =  -161.84   SELV =    33.0
 STIM =  1200

      PRES     TMPK     DWPK     RELH     UWND     VWND     HGHT
   1008.00   247.25   244.35    76.56    -1.53     0.13    33.00
   1005.00   247.45   245.65    84.82    -1.52    -0.22    56.20
   1000.00   247.05   244.65    80.18    -1.33    -0.77    95.00
    996.00   246.85   244.65    81.65    -1.40    -0.44   123.96
    981.00   248.05   245.75    81.08    -1.05     0.59   233.82
    972.00   247.65   245.65    83.30    -0.55     0.88   300.66
    971.42   247.75   245.73    83.12    -0.52     0.89   305.00
    963.00   249.25   246.85    80.53    -0.46     1.16   368.28
    956.00   252.05   248.65    74.06    -0.36     1.38   421.79
    952.00   252.65   249.05    72.86    -0.28     1.51   452.75
    945.00   252.65   249.05    72.86    -0.10     1.71   507.31
    934.00   253.85   249.65    69.32     0.28     1.99   594.08
    932.00   253.85   249.47    68.24     0.36     2.03   610.00
    925.00   253.85   248.85    64.55     0.00     2.06   666.00
    922.00   253.85   248.85    64.55    -0.19     2.25   690.17
    894.71   254.38   248.50    59.79    -3.16     2.65   914.00
    891.00   254.45   248.45    59.16    -3.38     2.79   944.91
    882.00   255.25   245.25    41.29    -3.94     3.11  1020.74
    876.00   255.05   245.05    41.22    -4.33     3.31  1071.78
    869.00   255.05   246.05    45.21    -4.79     3.54  1131.74
    864.00   255.25   249.25    59.39    -5.13     3.69  1174.89
    858.92   255.12   245.95    44.53    -5.48     3.84  1219.00
    856.00   255.05   244.05    37.55    -5.50     4.09  1244.45
    851.00   254.85   243.85    37.49    -5.52     4.54  1288.22
    850.00   254.85   244.85    41.16    -5.52     4.63  1297.00
    843.00   255.05   249.05    59.33    -5.71     3.93  1358.71
    824.54   254.95   250.41    67.53    -5.81     2.11  1524.00
    808.00   254.85   251.65    75.93    -4.47     2.57  1675.20
    791.48   254.07   251.02    76.83    -3.16     2.65  1829.00
    787.00   253.85   250.85    77.08    -3.37     2.50  1871.28
    782.00   253.65   252.55    90.96    -3.59     2.30  1918.63
    775.00   253.25   252.75    95.78    -3.90     2.00  1985.35
    767.00   252.85   252.25    94.94    -4.21     1.61  2062.23
    760.00   252.65   250.25    81.07    -4.46     1.22  2130.07
    759.60   252.65   249.98    79.16    -4.47     1.20  2134.00
    757.00   252.65   248.25    67.82    -4.32     0.70  2159.32
    756.00   252.65   244.65    48.78    -4.24     0.51  2169.10
    754.00   252.85   236.85    22.57    -4.07     0.17  2188.69
    753.00   252.85   230.85    12.15    -3.97     0.01  2198.51
    749.00   252.85   232.85    15.00    -3.53    -0.55  2237.92
    747.00   252.85   237.85    24.94    -3.28    -0.79  2257.71
    744.00   252.85   246.85    58.71    -2.88    -1.07  2287.49
    741.00   252.85   245.85    53.57    -2.46    -1.27  2317.39
    733.00   252.45   247.45    64.19    -1.36    -1.40  2397.67
    729.01   252.56   245.29    52.15    -0.88    -1.26  2438.00
    726.00   252.65   243.65    44.42    -0.71    -1.37  2468.60
    722.00   252.45   244.45    48.71    -0.45    -1.47  2509.44
    715.00   252.05   244.05    48.58     0.02    -1.54  2581.37
    713.00   251.85   245.85    58.43     0.16    -1.53  2602.03
    710.00   252.45   245.45    53.45     0.37    -1.50  2633.15
    708.00   252.65   249.05    72.86     0.50    -1.46  2654.01
    706.00   252.65   247.85    65.41     0.63    -1.40  2674.93
    700.00   252.25   247.35    64.72     0.99    -1.18  2738.00
    699.52   252.21   247.33    64.81     0.88    -1.26  2743.00
    649.00   248.25   245.25    76.04     0.71    -1.01  3293.08
    638.00   247.25   242.95    67.12     0.67    -0.95  3417.25
    619.00   245.65   241.85    70.00     0.60    -0.85  3635.70
    617.07   245.44   241.79    70.96     0.59    -0.84  3658.00
    572.00   240.25   240.25   100.00    -2.30    -1.70  4198.16
    566.43   239.63   239.57    99.40    -2.80    -1.31  4267.00
    563.00   239.25   239.15    99.02    -2.45    -1.57  4309.63
    559.00   241.45   236.45    61.19    -2.02    -1.79  4359.87
    519.20   237.59   234.89    76.16     0.36    -0.36  4877.00
    506.00   236.25   234.35    82.42    -0.77    -2.14  5057.35
    500.00   236.45   231.45    59.72    -2.37    -1.99  5140.00
    499.00   236.45   231.45    59.72    -2.38    -1.92  5153.87
    492.00   236.25   231.25    59.66    -2.38    -1.45  5251.71
    484.00   235.45   231.25    64.69    -2.30    -0.95  5365.01
    479.00   235.05   228.05    47.76    -2.20    -0.67  5436.59
    476.00   234.65   228.65    53.11    -2.12    -0.51  5479.82
    463.00   234.05   224.05    33.86    -1.67     0.04  5669.97
    460.00   233.85   225.85    42.35    -1.54     0.13  5714.53
    451.00   233.05   223.05    33.49    -1.14     0.32  5849.68
    435.00   231.25   223.25    41.40    -0.42     0.29  6095.38
    434.96   231.25   223.24    41.36    -0.42     0.29  6096.00
    430.00   230.85   221.85    36.74    -0.59     0.63  6173.65
    426.00   230.45   222.45    41.10    -0.64     0.96  6236.80
    414.00   229.45   219.45    32.15    -0.17     2.02  6429.32
    412.00   229.65   218.65    28.59     0.00     2.18  6461.89
    400.00   227.85   218.85    35.61     1.54     2.68  6660.00
    383.00   225.45   216.45    34.69     2.34     2.47  6947.61
    350.00   221.05   216.45    57.49     3.83     1.29  7535.36
    347.00   220.65   215.65    54.58     3.94     1.12  7590.91
    346.00   220.65   214.65    48.16     3.98     1.07  7609.52
    345.44   220.71   212.74    37.56     4.22     2.95  7620.00
    344.00   220.85   207.85    19.37     4.10     3.11  7646.91
    342.00   220.85   204.85    12.81     3.93     3.33  7684.54
    333.00   220.25   208.25    21.94     3.00     4.19  7856.39
    329.47   220.53   205.01    13.60     2.57     4.46  7925.00
    328.00   220.65   203.65    11.07     2.76     4.35  7953.84
    319.00   221.05   202.05     8.40     3.78     3.50  8133.38
    300.00   221.05   201.05     7.26     5.07     0.89  8530.00
    299.81   221.05   200.96     7.16     5.97    -1.60  8534.00
    298.00   221.05   200.05     6.26     6.06    -1.19  8573.07
    286.07   222.57   198.40     4.10     5.97     1.60  8839.00
    272.98   224.32   196.51     2.51     3.48     0.93  9144.00
    262.00   225.85   194.85     1.63     4.94     3.15  9411.13
    260.50   225.92   194.80     1.61     5.06     3.54  9449.00
    250.00   226.45   194.45     1.43     5.13     2.39  9720.00
    248.73   226.60   194.39     1.40     5.97     1.60  9754.00
    238.00   227.85   193.85     1.12     4.25     5.78 10047.57
    237.63   227.79   193.86     1.13     4.14     5.91 10058.00
    233.00   227.05   194.05     1.26     4.62     5.24 10189.15
    227.00   228.65   193.65     0.99     5.12     4.30 10363.41
    216.89   227.88   193.65     1.08     5.30     6.31 10668.00
    214.00   227.65   193.65     1.11     4.99     5.45 10757.86
    200.00   228.25   193.25     0.97     2.53     1.77 11210.00
    197.98   228.50   193.32     0.96     4.67     2.18 11278.00
    189.00   229.65   193.65     0.89     5.29     2.58 11589.51
    164.00   229.25   193.25     0.87     7.11     3.96 12543.43
    157.78   228.02   192.02     0.82     7.58     4.37 12802.00
    155.00   227.45   191.45     0.79     6.23     5.56 12921.08
    150.77   228.13   192.13     0.82     3.86     6.69 13106.00
    150.00   228.25   192.25     0.83     6.29     7.49 13140.00
    147.00   229.05   192.05     0.73     6.99     7.28 13274.97
    131.45   227.96   191.87     0.80    10.73     5.00 14021.00
    130.00   227.85   191.85     0.81     9.78     5.48 14095.29
    120.01   229.15   191.85     0.70     3.34     5.79 14630.00
    115.00   229.85   191.85     0.65     7.66     7.93 14915.07
    114.66   229.80   191.83     0.65     8.01     8.01 14935.00
    109.55   228.98   191.46     0.67     6.18    10.70 15240.00
    104.66   228.16   191.10     0.69     6.92     6.92 15545.00
    104.00   228.05   191.05     0.69     7.11     6.61 15587.64
    100.00   229.85   191.85     0.65     8.03     4.63 15850.00
     95.58   230.03   191.90     0.64     8.03     4.63 16154.00
     70.00   231.25   192.25     0.60    11.04     9.26 18250.00
     50.00   230.45   191.45     0.57     9.70     6.79 20510.00
     30.00   230.45   190.45     0.48    14.19    11.91 23960.00
     20.00   233.45   192.45     0.49    14.76    10.34 26700.00
     10.00   235.45   193.45     0.47    15.42     4.13 31460.00
