
 SNPARM = PRES;TMPK;DWPK;RELH;UWND;VWND;HGHT                                    

 STID = PABR          STNM =    70026    TIME = 200107/0000         
 SLAT =  71.28     SLON =  -156.79   SELV =    19.0
 STIM =     0

      PRES     TMPK     DWPK     RELH     UWND     VWND     HGHT
   1028.00   244.25   241.15    74.54     1.07     3.98    19.00
   1025.00   246.45   240.45    56.84     1.76     3.42    39.16
   1022.00   249.65   249.15    95.64     2.27     2.76    59.60
   1010.00   251.25   250.85    96.55     2.47     0.06   142.78
   1000.00   250.65   250.65   100.00     1.18    -0.99   213.00
    987.54   250.03   250.03   100.00     1.03    -1.78   305.00
    984.00   249.85   249.85   100.00     0.75    -2.01   331.32
    970.00   251.45   244.45    53.14    -0.76    -2.39   436.61
    963.00   252.05   249.45    79.54    -1.61    -2.15   490.05
    947.50   252.38   244.57    49.56    -3.04    -0.54   610.00
    944.00   252.45   243.45    44.36    -3.00    -0.74   637.39
    935.00   252.85   249.25    72.90    -2.83    -1.25   708.33
    925.00   252.65   246.65    58.66    -2.53    -1.77   788.00
    911.00   253.05   242.05    36.88    -2.53    -1.77   901.06
    909.41   253.01   243.00    40.50    -2.53    -1.77   914.00
    903.00   252.85   246.85    58.71    -2.73    -1.79   966.47
    899.00   252.85   243.85    44.49    -2.86    -1.80   999.38
    894.00   252.85   249.25    72.90    -3.02    -1.80  1040.72
    890.00   252.85   244.85    48.84    -3.15    -1.80  1073.97
    883.00   252.85   248.45    67.86    -3.38    -1.79  1132.51
    876.00   252.85   244.85    48.84    -3.62    -1.76  1191.51
    872.76   252.85   245.93    53.95    -3.73    -1.74  1219.00
    867.00   252.85   247.85    64.29    -3.89    -1.71  1268.07
    850.00   253.25   246.25    53.69    -4.35    -1.58  1415.00
    837.59   253.42   242.28    36.55    -4.97    -1.33  1524.00
    835.00   253.45   241.45    33.65    -5.08    -1.40  1546.95
    826.00   253.25   244.25    44.62    -5.43    -1.63  1627.25
    803.77   252.48   245.41    53.12    -6.29    -2.29  1829.00
    803.00   252.45   245.45    53.45    -6.33    -2.29  1836.12
    783.00   252.45   240.45    33.31    -7.34    -2.22  2022.37
    771.22   251.95   242.86    43.83    -7.96    -2.13  2134.00
    755.00   251.25   246.25    63.88    -8.98    -2.41  2290.64
    745.00   251.25   239.25    32.90    -9.63    -2.58  2388.63
    740.01   251.08   243.24    48.99    -9.95    -2.67  2438.00
    739.00   251.05   244.05    53.02    -9.99    -2.65  2448.04
    719.00   250.45   242.45    48.07   -10.79    -2.20  2649.28
    709.84   249.88   241.88    47.88   -11.16    -1.97  2743.00
    700.00   249.25   241.25    47.68   -11.79    -1.03  2845.00
    640.00   244.85   236.85    46.21   -13.14    -3.02  3492.87
    625.41   244.74   229.51    21.78   -13.43    -3.60  3658.00
    614.00   244.65   223.65    11.46   -14.13    -4.37  3789.89
    599.37   243.77   222.77    11.25   -15.00    -5.46  3962.00
    591.00   243.25   222.25    11.12   -15.31    -5.57  4062.41
    573.94   241.64   222.74    13.72   -15.97    -5.81  4267.00
    525.93   236.83   224.20    25.98   -15.91    -4.26  4877.00
    503.45   234.43   224.93    36.01   -16.44    -5.99  5182.00
    500.00   234.05   225.05    37.93   -15.42    -4.13  5230.00
    481.36   232.29   223.48    38.10   -15.42    -4.13  5486.00
    460.06   230.19   221.61    38.33   -13.99    -6.53  5791.00
    439.70   228.09   219.74    38.57   -13.54    -4.93  6096.00
    410.00   224.85   216.85    38.99   -13.90    -5.06  6567.31
    400.00   223.85   214.85    34.07   -14.03    -5.11  6730.00
    378.00   220.85   210.85    28.88   -12.87    -5.75  7096.88
    348.02   218.13   208.85    30.64   -11.15    -6.43  7620.00
    331.65   216.55   207.68    31.77   -12.09    -4.40  7925.00
    316.05   214.96   206.51    32.97   -11.59    -6.69  8230.00
    301.23   213.39   205.35    34.27    -9.28    -6.50  8534.00
    300.00   213.25   205.25    34.38    -9.28    -6.50  8560.00
    298.00   213.05   204.05    29.80    -9.15    -6.24  8601.75
    274.00   212.25   199.25    16.43    -7.09    -3.36  9124.62
    273.14   212.12   199.27    16.75    -7.00    -3.26  9144.00
    259.98   210.12   199.58    22.79    -5.12    -4.30  9449.00
    257.00   209.65   199.65    24.51    -4.22    -2.95  9520.30
    250.00   210.05   198.05    18.28    -0.45    -2.53  9690.00
    247.42   210.14   198.99    20.82    -4.46    -2.57  9754.00
    244.00   210.25   200.25    24.75    -2.41    -3.34  9840.05
    235.62   210.92   198.98    18.77     0.65    -1.40 10058.00
    224.37   211.85   197.21    12.71     3.95    -3.31 10363.00
    213.66   212.79   195.44     8.56     5.64    -0.49 10668.00
    203.46   213.72   193.67     5.74     6.69    -3.86 10973.00
    200.00   214.05   193.05     4.98     7.72    -0.00 11080.00
    193.79   214.57   192.50     4.27     8.22     2.99 11278.00
    175.89   216.18   190.79     2.64    11.84    -0.00 11887.00
    167.56   216.99   189.94     2.07    13.43     3.60 12192.00
    163.00   217.45   189.45     1.81    15.26     1.73 12365.18
    159.63   217.15   189.40     1.86    16.47    -0.00 12497.00
    150.00   216.25   189.25     2.02    17.43     1.53 12890.00
    144.99   216.50   189.19     1.94    17.75     3.13 13106.00
    138.21   216.86   189.10     1.83    16.22    -2.86 13411.00
    125.57   217.57   188.92     1.63    20.79     3.67 14021.00
    121.00   217.85   188.85     1.55    21.19     2.27 14257.07
    114.11   217.36   188.36     1.52    21.62    -0.00 14630.00
    103.68   216.55   187.55     1.46    23.32     4.11 15240.00
    100.00   216.25   187.25     1.44    27.85     7.46 15470.00
     94.15   216.25   187.25     1.44    27.85     7.46 15850.00
     70.00   216.25   187.25     1.44    41.57     7.33 17720.00
     50.00   215.25   186.25     1.37    50.20     8.85 19850.00
     34.70 -9999.00 -9999.00 -9999.00    63.15    16.92 -9999.00
