
 SNPARM = PRES;TMPK;DWPK;RELH;UWND;VWND;HGHT                                    

 STID = PAKN          STNM =    70326    TIME = 200106/1200         
 SLAT =  58.68     SLON =  -156.67   SELV =     8.0
 STIM =  1200

      PRES     TMPK     DWPK     RELH     UWND     VWND     HGHT
   1016.00   241.25   237.95    72.46    -0.18     1.01     8.00
   1014.00   242.25   240.45    84.13    -0.47     0.99    22.61
   1011.00   243.05   240.55    78.74    -0.89     0.78    44.67
   1009.00   244.85   242.05    76.83    -1.13     0.54    59.48
   1000.00   246.45   242.55    69.52    -1.09    -1.09   127.00
    995.00   246.85   242.65    67.66    -0.89    -1.86   163.10
    986.00   248.05   243.25    64.23     0.49    -2.98   228.75
    981.00   247.65   243.35    67.22     1.72    -3.10   265.54
    975.67   248.36   243.88    66.29     3.16    -2.65   305.00
    975.00   248.45   243.95    66.17     3.23    -2.68   309.98
    970.00   250.45   245.85    66.06     3.76    -2.93   347.43
    935.97   252.91   249.34    73.17     7.93    -3.70   610.00
    934.00   253.05   249.55    73.60     7.79    -3.78   625.47
    925.00   252.85   249.45    74.22     7.14    -4.12   697.00
    923.00   252.85   249.45    74.22     7.11    -3.92   713.01
    910.00   254.85   250.35    67.74     6.85    -2.71   818.37
    898.43   255.58   251.26    69.00     6.46    -1.73   914.00
    891.00   256.05   251.85    69.82     6.83    -1.57   976.09
    880.00   256.25   252.05    69.87     7.37    -1.29  1069.21
    862.58   255.73   252.05    73.00     8.21    -0.72  1219.00
    860.00   255.65   252.05    73.48     8.18    -1.01  1241.40
    850.00   256.25   251.95    69.26     7.96    -2.13  1329.00
    828.22   256.95   250.30    56.54    11.16    -1.97  1524.00
    825.00   257.05   250.05    54.83    11.08    -1.86  1553.28
    814.00   256.45   250.45    59.72    10.79    -1.49  1654.16
    796.00   255.85   247.85    49.79    10.28    -0.92  1821.82
    795.24   255.81   247.95    50.42    10.26    -0.90  1829.00
    780.00   255.05   250.05    64.85    10.75    -0.94  1973.65
    777.00   255.25   250.55    66.65    10.84    -0.95  2002.43
    774.00   255.45   249.45    59.44    10.94    -0.96  2031.34
    763.42   254.61   249.31    63.05    11.29    -0.99  2134.00
    759.00   254.25   249.25    64.65    11.42    -1.14  2177.33
    756.00   254.65   247.65    54.12    11.51    -1.25  2206.83
    740.00   254.45   248.45    59.16    11.97    -1.86  2366.21
    733.00   254.05   245.05    44.88    12.17    -2.14  2436.94
    732.90   254.04   245.08    45.02    12.17    -2.15  2438.00
    727.00   253.65   246.65    53.81    11.94    -2.32  2498.01
    723.00   253.45   248.75    66.21    11.77    -2.43  2538.96
    707.00   252.25   248.65    72.78    11.10    -2.84  2704.59
    703.33   252.04   248.18    71.04    10.94    -2.93  2743.00
    700.00   251.85   247.75    69.49    11.44    -3.06  2778.00
    685.00   250.65   244.65    58.08    11.08    -2.97  2937.40
    683.00   250.45   243.45    52.83    11.03    -2.96  2958.85
    668.00   249.05   243.05    57.62    10.67    -2.86  3121.27
    634.00   245.45   242.95    79.16     9.81    -2.63  3499.53
    628.00   244.85   241.35    71.85     9.65    -2.59  3567.80
    620.13   244.17   241.40    76.95     9.45    -2.53  3658.00
    612.00   243.45   241.45    82.69    10.09    -1.84  3752.32
    607.00   243.45   236.45    50.60    10.47    -1.37  3810.80
    601.00   243.05   234.05    41.16    10.89    -0.76  3881.56
    599.00   243.05   233.05    37.11    11.03    -0.54  3905.28
    596.00   243.65   225.65    15.78    11.22    -0.20  3941.06
    594.25   243.82   225.82    15.83    11.33    -0.00  3962.00
    594.00   243.85   225.85    15.84    11.38    -0.00  3965.05
    585.00   243.25   221.25     9.90    13.03    -0.00  4073.92
    581.00   243.05   226.05    17.46    13.77    -0.00  4122.76
    570.00   242.45   218.45     7.65    15.83    -0.00  4258.61
    569.33   242.43   219.02     8.21    15.96    -0.00  4267.00
    562.00   242.25   225.25    17.22    16.50    -0.00  4358.90
    556.00   241.85   219.85     9.58    16.95    -0.00  4434.97
    549.00   241.45   222.45    13.51    17.47    -0.00  4524.61
    539.00   240.45   229.45    32.51    18.24    -0.00  4654.30
    536.00   240.45   228.45    29.17    18.47    -0.00  4693.59
    533.00   240.45   210.45     3.38    18.71    -0.00  4733.11
    524.00   239.45   222.45    16.39    19.42    -0.00  4852.74
    522.19   239.45   219.44    11.50    19.56    -0.00  4877.00
    521.00   239.45   217.45     9.05    19.67     0.09  4893.00
    514.00   238.65   221.65    16.16    20.30     0.65  4987.67
    505.00   237.65   213.65     6.73    21.10     1.42  5110.84
    501.00   237.25   219.25    13.98    21.45     1.79  5166.12
    500.00   237.25   219.25    13.98    21.54     1.88  5180.00
    497.00   236.85   215.85     9.61    21.88     2.00  5221.87
    492.00   236.25   222.25    22.01    22.45     2.20  5292.08
    490.00   236.25   220.25    17.41    22.68     2.29  5320.32
    488.00   236.05   224.05    27.62    22.91     2.37  5348.67
    482.00   235.45   223.45    27.40    23.60     2.64  5434.28
    464.00   234.25   215.25    11.62    25.71     3.52  5696.64
    458.00   233.65   218.65    18.75    26.42     3.85  5786.01
    454.00   233.25   219.25    21.00    26.90     4.08  5846.12
    452.00   233.05   223.05    33.49    27.15     4.20  5876.34
    447.00   232.45   219.45    23.38    27.75     4.50  5952.33
    437.63   231.08   220.52    30.67    28.89     5.09  6096.00
    428.00   229.65   221.65    40.80    27.19     3.59  6246.90
    416.00   228.25   215.25    21.93    24.92     1.90  6438.01
    414.00   228.05   215.05    21.86    24.52     1.64  6470.28
    409.00   227.65   212.65    16.84    23.51     1.02  6551.54
    406.00   227.45   215.45    24.54    22.89     0.66  6600.71
    403.00   227.25   209.25    11.28    22.26     0.32  6650.20
    400.00   226.85   209.85    12.77    21.62    -0.00  6700.00
    399.64   226.83   209.81    12.72    23.68    -0.00  6706.00
    356.00   224.45   204.45     7.99    19.60     2.88  7470.04
    352.00   224.85   202.85     6.08    19.19     3.10  7544.37
    347.97   224.74   202.74     6.06    18.76     3.31  7620.00
    332.20   224.29   202.29     5.98    24.33     4.29  7925.00
    331.00   224.25   202.25     5.97    23.96     4.56  7948.86
    317.04   222.78   201.30     6.16    19.35     7.04  8230.00
    305.00   221.45   200.45     6.34    21.39     5.73  8482.71
    300.00   221.85   199.85     5.54    20.39     5.46  8590.00
    288.63   220.98   199.85     6.13    17.90     6.52  8839.00
    287.00   220.85   199.85     6.23    18.03     6.14  8875.50
    275.31   222.64   197.16     3.37    18.76     3.31  9144.00
    274.00   222.85   196.85     3.13    18.76     2.97  9174.90
    262.65   222.37   195.56     2.71    18.53    -0.00  9449.00
    260.00   222.25   195.25     2.62    18.64    -0.00  9514.73
    250.00   224.85   193.85     1.56    19.05    -0.00  9770.00
    239.00   226.25   194.25     1.42    18.12     1.58 10067.24
    222.00   227.05   194.05     1.26    16.35     3.82 10557.01
    218.32   226.95   193.78     1.22    15.91     4.26 10668.00
    208.52   226.67   193.04     1.12    16.22     2.86 10973.00
    201.00   226.45   192.45     1.04    15.95     4.10 11216.92
    200.00   226.45   192.45     1.04    15.91     4.26 11250.00
    199.16   226.30   192.38     1.05    15.40     7.18 11278.00
    190.00   224.65   191.65     1.12    16.61     3.59 11589.64
    181.67   225.60   191.87     1.04    16.99    -0.00 11887.00
    168.00   227.25   192.25     0.92    15.06     2.26 12405.93
    151.22   226.14   192.06     1.01    12.09     4.40 13106.00
    150.00   226.05   192.05     1.02    14.03     5.11 13160.00
    149.00   225.65   191.65     1.00    14.35     4.55 13204.09
    143.00   226.25   191.25     0.87    15.79     0.81 13475.16
    142.00   227.65   191.65     0.80    15.93     0.12 13521.64
    137.92   227.97   191.74     0.78    16.22    -2.86 13716.00
    125.86   228.98   192.03     0.74     6.78     2.47 14326.00
    125.00   229.05   192.05     0.73     6.89     2.71 14371.53
    119.00   227.05   191.05     0.77     7.43     4.68 14698.95
    114.83   226.89   190.89     0.77     7.49     6.29 14935.00
    109.66   226.69   190.69     0.76    11.15     6.43 15240.00
    104.72   226.48   190.48     0.75    13.43     3.60 15545.00
    104.00   226.45   190.45     0.75    13.47     3.42 15590.65
    100.00   226.65   190.65     0.76    13.69     2.41 15850.00
     95.56   226.96   190.70     0.74    13.69     2.41 16154.00
     70.00   229.05   191.05     0.62    13.06     4.75 18240.00
     50.00   229.65   190.65     0.55    14.51     5.28 20490.00
     30.00   226.45   189.45     0.63    11.16     1.97 23890.00
     20.00   232.05   191.05     0.45    13.92     3.73 26620.00
     13.20   231.25   191.25     0.51     9.83     9.83 29435.51
     10.00   232.85   191.85     0.47    15.48     5.63 31320.00
