
 SNPARM = PRES;TMPK;DWPK;RELH;UWND;VWND;HGHT                                    

 STID = RAP           STNM =    72662    TIME = 200706/1800         
 SLAT =  44.08     SLON =  -103.21   SELV =  1029.0
 STIM =  1800

      PRES     TMPK     DWPK     RELH     UWND     VWND     HGHT
    900.00   301.55   285.55    37.18    -0.22     2.56  1029.00
   1000.00 -9999.00 -9999.00 -9999.00 -9999.00 -9999.00    95.00
    925.00 -9999.00 -9999.00 -9999.00 -9999.00 -9999.00   785.00
    891.00   298.75   280.75    31.79    -0.63     2.98  1117.06
    886.00   298.35   281.35    33.91    -0.90     3.19  1166.06
    880.60   297.85   281.14    34.45    -1.23     3.38  1219.00
    850.00   294.95   279.95    37.84    -1.33     4.97  1525.00
    820.41   292.10   278.05    39.57    -0.98     5.57  1829.00
    791.77   289.23   276.14    41.46    -2.83     6.06  2134.00
    789.00   288.95   275.95    41.65    -2.72     6.39  2164.03
    769.00   286.75   276.75    50.80    -1.34     8.68  2381.21
    763.83   286.32   278.04    57.17    -0.81     9.23  2438.00
    757.00   285.75   279.75    66.83     0.42    10.02  2513.58
    744.00   285.35   281.35    76.54     3.31    11.02  2659.15
    736.58   285.02   280.36    73.12     5.22    11.20  2743.00
    700.00   283.35   275.35    57.57     5.30     6.31  3169.00
    695.00   282.95   273.95    53.48     5.19     5.52  3228.62
    684.54   281.80   273.28    55.06     4.73     3.97  3353.00
    659.55   278.98   271.64    59.22     2.57     4.46  3658.00
    635.54   276.17   270.00    63.86     1.46     1.46  3962.00
    632.00   275.75   269.75    64.60     2.07     1.68  4007.84
    620.00   275.15   264.15    43.95     4.51     1.53  4162.72
    612.01   274.59   263.31    42.82     6.16     0.54  4267.00
    592.00   273.15   261.15    40.01    11.01     3.60  4534.09
    589.20   272.80   261.03    40.66    11.61     4.23  4572.00
    580.00   271.65   260.65    42.89    11.68     3.33  4697.57
    568.00   270.85   252.85    23.73    11.67     2.15  4863.71
    567.05   270.76   252.42    23.01    11.66     2.06  4877.00
    557.00   269.85   247.85    16.43    12.53     0.68  5018.52
    545.44   268.45   247.03    16.95    13.33    -1.17  5182.00
    500.00   262.65   243.65    19.41    23.38    -6.26  5860.00
    497.00   262.25   243.25    19.29    23.67    -6.34  5906.27
    491.00   261.45   236.45    10.60    24.25    -6.50  5999.43
    484.83   260.71   233.87     8.65    24.86    -6.66  6096.00
    481.00   260.25   232.25     7.59    25.27    -6.31  6156.62
    475.00   259.45   240.45    18.50    25.90    -5.72  6252.16
    465.75   258.07   240.22    20.25    26.87    -4.74  6401.00
    459.00   257.05   240.05    21.68    26.53    -3.32  6511.35
    450.00   256.85   225.85     5.02    25.96    -1.46  6660.38
    444.00   256.85   213.85     1.20    25.50    -0.26  6761.34
    401.00   252.85   212.85     1.49    20.47     7.25  7521.52
    400.00   252.65   212.65     1.47    20.32     7.39  7540.00
    395.59   251.98   212.52     1.54    19.35     7.04  7620.00
    363.51   246.90   211.55     2.13    18.40     4.93  8230.00
    320.25   239.28   210.09     3.61    21.54     1.88  9144.00
    319.00   239.05   210.05     3.68    21.48     1.88  9172.18
    300.00   235.85   206.85     3.29    20.51     1.79  9600.00
    268.08   230.24   200.30     2.32    24.11    -2.11 10363.00
    266.00   229.85   199.85     2.26    23.94    -2.09 10415.78
    250.00   228.65   193.65     0.99    22.56    -1.97 10830.00
    246.00   228.25   193.25     0.97    22.72    -0.55 10938.42
    236.00   229.45   193.45     0.88    22.70     3.14 11217.85
    223.54   227.14   192.03     0.90    21.77     7.92 11582.00
    222.00   226.85   191.85     0.90    22.10     7.77 11628.36
    200.00   223.65   189.65     0.90    26.87     4.74 12320.00
    196.00   223.25   189.25     0.88    27.88     3.07 12451.68
    194.64   223.47   189.47     0.89    28.20     2.47 12497.00
    191.00   224.05   190.05     0.92    27.28     3.35 12620.27
    182.00   223.05   189.05     0.87    24.80     5.34 12935.01
    170.00   219.25   186.25     0.84    21.12     7.44 13375.02
    169.05   219.20   186.20     0.84    20.80     7.57 13411.00
    163.00   218.85   185.85     0.82    20.28     4.46 13643.69
    156.00   216.45   184.45     0.86    19.09     1.09 13922.37
    153.58   216.45   184.45     0.86    18.53    -0.00 14021.00
    150.00   216.45   184.45     0.86    15.72     2.77 14170.00
    146.35   216.16   184.16     0.84    12.60     5.87 14326.00
    145.00   216.05   184.05     0.84    12.76     6.21 14384.93
    141.00   214.45   183.45     0.92    13.21     7.27 14561.46
    132.00   213.05   182.05     0.85    13.96    10.00 14974.79
    126.48   211.14   180.82     0.86    14.19    11.91 15240.00
    124.00   210.25   180.25     0.87    13.16    11.85 15362.73
    120.00   209.85   179.85     0.85    11.50    11.62 15564.65
    114.53   208.14   178.92     0.89     9.26    11.04 15850.00
    113.00   207.65   178.65     0.91     8.76     9.05 15932.49
    112.00   207.45   178.45     0.89     8.30     7.81 15986.57
    110.00   209.25   179.25     0.82     7.09     5.50 16096.63
    108.98   209.35   179.35     0.82     6.32     4.43 16154.00
    108.00   209.45   179.45     0.83     6.72     4.99 16209.25
    104.00   209.05   179.05     0.81     8.08     7.58 16440.78
    100.00   207.05   178.05     0.87     8.93    10.65 16680.00
     95.40   205.25   176.25     0.79     9.70     6.79 16963.76
     89.19   206.64   177.21     0.78     2.03    -0.36 17374.00
     76.76   209.74   179.34     0.78     0.87     1.87 18288.00
     73.02   210.78   180.05     0.78     2.61     5.60 18593.00
     70.00   211.65   180.65     0.78     2.48    -0.67 18850.00
     63.07   212.46   181.46     0.82    -0.73     0.73 19507.00
     57.25   213.20   182.20     0.85    -9.63    -1.70 20117.00
     51.97   213.95   182.95     0.89    -8.62    -1.52 20726.00
     50.00   214.25   183.25     0.91    -5.10     5.10 20970.00
     49.52   214.40   183.34     0.90    -0.98     5.57 21031.00
     47.20   215.13   183.79     0.89    -3.16     2.65 21336.00
     45.00   215.86   184.24     0.89    -5.60     2.61 21641.00
     42.89   216.59   184.69     0.88    -5.91     4.14 21946.00
     38.97   218.05   185.59     0.86    -8.95     2.40 22555.00
     37.15   218.79   186.04     0.85    -6.06     2.83 22860.00
     30.67   221.71   187.84     0.83   -10.70    -6.18 24079.00
     30.00   222.05   188.05     0.82   -12.13    -5.65 24220.00
     29.26   222.43   188.37     0.83   -13.18    -2.32 24384.00
     25.47   224.55   190.15     0.88   -11.39     7.97 25298.00
     24.32   225.26   190.74     0.90    -9.81     5.67 25603.00
     23.22   225.97   191.34     0.91    -5.32    -1.94 25908.00
     22.17   226.68   191.93     0.93    -6.06    -2.83 26213.00
     21.16   227.39   192.53     0.95   -13.18     2.32 26518.00
     20.21   228.09   193.12     0.97   -11.79    -1.03 26822.00
     20.00   228.25   193.25     0.97   -11.79    -1.03 26890.00
     18.46   229.38   194.03     0.97   -18.25     3.22 27432.00
     15.43   231.92   195.80     0.98   -12.01    12.01 28651.00
     13.48   233.83   197.12     0.99   -13.06     4.75 29566.00
     11.78   235.74   198.44     0.99   -21.11     0.00 30480.00
     11.26   236.37   198.89     0.99   -17.75     3.13 30785.00
     10.29   237.64   199.77     1.00   -18.76    -3.31 31394.00
     10.00   238.05   200.05     1.00   -18.76    -3.31 31590.00
      9.43   238.87   200.54     0.99   -23.32     4.11 32004.00
      8.65   240.09   201.27     0.98   -16.73     2.95 32614.00
      8.28   240.70   201.64     0.98   -15.90    -1.39 32918.00
      7.59   241.91   202.37     0.96   -20.28    -3.58 33528.00
      7.00   243.05   203.05     0.96   -22.14     0.00 34100.00
