
 SNPARM = PRES;TMPK;DWPK;RELH;UWND;VWND;HGHT                                    

 STID =               STNM =     3882    TIME = 200701/1200         
 SLAT =  50.90     SLON =     0.31   SELV =     0.0
 STIM =  1100

      PRES     TMPK     DWPK     RELH     UWND     VWND     HGHT
   1001.00   291.35   286.45    73.07     3.54     5.06     0.00
   1000.00   290.95   287.25    78.94     3.54     5.06    62.00
    999.00   290.55   286.95    79.39     2.68     1.54    70.56
    998.00   290.15   286.65    79.86     3.01     1.76    79.13
    993.00   289.15   285.85    80.77     4.66     2.93   121.96
    985.00   288.29   285.54    83.64     7.17     5.02   190.64
    980.00   287.75   285.35    85.52     6.70     4.69   233.84
    976.00   287.42   285.27    86.89     6.32     4.43   268.29
    965.00   286.50   285.04    90.84     5.79     3.34   363.74
    954.00   285.57   284.81    95.06     7.25     2.64   460.30
    942.00   284.55   284.55   100.00     7.74     3.14   566.90
    928.00   283.35   283.35   100.00     8.29     3.77   692.01
    925.00   283.35   282.85    96.71     8.40     3.92   719.00
    921.00   283.35   282.35    93.51     8.63     4.02   755.15
    918.00   282.95   282.95   100.00     8.80     4.11   782.34
    916.00   282.75   282.05    95.39     8.92     4.16   800.50
    908.00   282.35   282.35   100.00     9.39     4.38   873.45
    901.00   282.03   282.03   100.00     9.80     4.57   937.70
    895.00   281.75   281.75   100.00     9.78     4.37   993.17
    891.00   281.55   280.65    94.06     9.77     4.23  1030.29
    890.00   281.55   281.55   100.00     9.77     4.20  1039.60
    887.00   281.15   280.55    95.99     9.76     4.09  1067.55
    883.00   281.35   278.65    83.08     9.74     3.96  1104.94
    882.00   281.35   279.25    86.60     9.74     3.93  1114.32
    880.00   280.95   280.55    97.31     9.73     3.86  1133.09
    879.00   280.75   280.25    96.64     9.72     3.82  1142.49
    877.00   280.95   278.65    85.37     9.72     3.76  1161.31
    876.00   280.95   278.35    83.61     9.71     3.72  1170.73
    870.00   280.64   278.01    83.39     9.68     3.52  1227.40
    857.00   279.95   277.25    82.91     9.29     2.04  1351.55
    853.00   279.72   277.19    83.88     9.13     1.61  1390.02
    850.00   279.55   277.15    84.62     9.13     1.61  1419.00
    839.00   278.80   276.85    87.27    11.29     0.99  1525.45
    807.00   276.55   275.95    95.84    14.83     4.38  1843.24
    801.00   277.55   275.65    87.45    15.40     5.20  1904.00
    791.00   277.15   275.85    91.23    16.26     6.70  2006.40
    784.00   277.27   275.21    86.46    16.79     7.83  2078.82
    779.00   277.35   274.75    83.17    17.22     8.41  2130.95
    769.00   276.75   275.95    94.50    18.04     9.63  2236.15
    760.00   276.45   274.75    88.62    18.72    10.81  2331.83
    757.00   276.35   274.35    86.71    18.83    10.77  2363.98
    753.00   276.15   274.45    88.58    18.98    10.71  2406.99
    740.00   275.95   271.55    72.78    19.46    10.51  2548.21
    730.00   275.75   270.75    69.59    19.84    10.35  2658.42
    702.00   273.95   269.65    72.94    20.92     9.83  2974.06
    700.00   273.75   269.25    71.82    21.00     9.79  2997.00
    693.00   273.55   268.55    69.13    22.10     8.32  3077.67
    692.00   273.48   268.50    69.24    22.25     8.10  3089.24
    681.00   272.65   267.95    70.52    21.67     8.24  3217.58
    660.00   272.05   265.05    58.99    20.52     8.46  3467.72
    655.00   271.85   262.85    50.38    20.24     8.50  3528.34
    645.00   271.45   261.45    46.41    19.69     8.59  3650.82
    627.00   270.13   259.46    43.60    18.66     8.70  3875.10
    618.00   269.45   258.45    42.21    19.14     8.56  3989.66
    607.00   268.25   259.25    49.32    19.73     8.36  4131.12
    604.00   268.05   257.05    41.77    19.89     8.30  4170.05
    596.00   267.45   257.45    45.19    20.33     8.14  4274.62
    581.00   266.45   250.45    26.80    21.17     7.80  4473.91
    579.00   266.29   249.94    25.94    21.28     7.75  4500.73
    564.00   265.05   246.05    20.09    21.63     8.65  4704.95
    561.00   265.05   241.05    12.55    21.70     8.83  4746.33
    550.00   264.65   224.65     2.34    21.93     9.54  4899.82
    501.00   259.05   238.05    15.11    22.72    13.05  5614.86
    500.00   258.85   237.85    15.05    22.73    13.12  5630.00
    477.00   256.51   231.60     9.64    23.18    13.38  5982.83
    456.00   254.27   225.63     6.09    24.72    11.53  6320.17
    454.00   254.05   225.05     5.81    24.76    11.54  6353.11
    400.00   247.05   225.05    10.77    25.66    11.96  7280.00
    393.00   246.25   224.25    10.59    26.64    12.42  7407.56
    390.00   245.84   224.20    10.93    27.06    12.62  7462.46
    376.00   243.86   223.97    12.79    26.13    12.18  7724.36
    369.00   242.85   223.85    13.88    27.35    12.75  7858.99
    348.00   240.45   214.45     5.66    31.17    14.53  8273.76
    345.00   239.95   215.31     6.62    31.73    14.80  8334.47
    337.00   238.59   217.66    10.09    31.26    14.58  8498.96
    335.00   238.25   218.25    11.22    31.45    14.67  8540.70
    328.00   237.05   223.05    22.27    32.13    14.98  8687.71
    325.00   236.45   222.45    22.07    32.42    15.12  8751.43
    316.00   234.65   221.65    24.14    33.32    15.54  8945.21
    313.00   234.05   224.05    33.86    33.63    15.68  9010.70
    310.00   233.45   221.45    26.69    33.94    15.83  9076.65
    309.00   233.25   222.25    29.91    34.04    15.87  9098.74
    308.00   233.05   227.05    52.57    34.15    15.92  9120.88
    307.00   232.85   226.85    52.51    34.25    15.97  9143.07
    305.00   232.45   224.45    41.84    34.46    16.07  9187.62
    302.00   232.05   226.05    52.23    34.78    16.22  9254.87
    301.00   231.85   224.85    46.62    34.89    16.27  9277.41
    300.00   231.65   224.65    46.55    34.99    16.32  9300.00
    295.00   230.85   224.85    51.82    34.99    16.82  9413.87
    293.00   230.45   224.45    51.69    34.98    17.02  9459.85
    291.00   230.05   225.35    59.71    34.97    17.23  9506.05
    289.00   229.45   225.25    62.98    34.97    17.44  9552.48
    288.00   229.25   224.45    58.79    34.96    17.54  9575.77
    282.00   228.05   225.35    74.14    34.93    18.18  9716.81
    280.00   227.65   224.35    69.19    34.92    18.39  9764.32
    267.00   224.65   222.45    77.74    34.80    19.84 10079.32
    265.00   224.45   222.05    75.92    34.77    20.07 10128.79
    263.00   224.05   220.75    68.24    34.95    20.18 10178.56
    261.00   223.85   216.85    43.67    35.12    20.28 10228.65
    260.00   223.85   215.85    38.60    35.21    20.33 10253.83
    257.00   223.25   217.25    49.13    35.48    20.48 10329.83
    254.00   222.65   216.65    48.90    35.75    20.64 10406.53
    251.00   222.45   213.45    33.53    36.02    20.80 10484.00
    250.00   222.25   213.25    33.45    36.11    20.85 10510.00
    242.00   220.48   213.25    41.17    37.79    17.62 10721.01
    241.00   220.25   213.25    42.29    38.21    17.82 10747.87
    234.00   219.65   209.65    28.42    41.17    19.20 10937.98
    231.00   219.45   210.45    32.35    42.46    19.80 11021.05
    228.00   218.85   207.85    24.57    41.53    19.36 11105.06
    224.00   219.05   203.05    12.29    40.36    18.24 11218.69
    221.00   219.85   201.85     9.40    39.45    17.41 11305.46
    209.00   219.65   203.65    12.46    35.59    14.15 11665.20
    201.00   221.45   195.45     2.97    32.78    12.05 11917.61
    200.00   221.45   195.45     2.97    32.41    11.80 11950.00
    171.00   222.06   191.47     1.46    24.26    11.31 12968.02
    163.00   222.25   190.25     1.17    24.41     9.54 13279.39
    150.00   221.85   189.85     1.14    24.37     6.53 13820.00
    146.00   221.90   189.66     1.10    21.29     3.75 13995.65
    137.00   222.01   189.21     1.01    19.40     5.20 14409.14
    134.00   222.05   189.05     0.98    15.16     8.75 14553.03
    117.00   220.12   188.33     1.08    17.23     3.04 15428.74
    114.00   219.75   188.19     1.10    15.00     5.46 15596.41
    107.00   218.85   187.85     1.16    13.80     6.39 16005.45
    100.00   219.85   187.85     1.03    12.48     7.20 16440.00
     70.00   219.45   187.45     1.01     5.46     5.46 18740.00
     50.00   222.05   187.05     0.69     1.40     0.65 20910.00
     30.00   224.45   188.45     0.67    -9.27     0.00 24250.00
     20.00   228.05   189.05     0.50   -14.03     5.11 26930.00
