
 SNPARM = PRES;TMPK;DWPK;RELH;UWND;VWND;HGHT                                    

 STID = PADQ          STNM =    70350    TIME = 200103/0000         
 SLAT =  57.74     SLON =  -152.49   SELV =     5.0
 STIM =     0

      PRES     TMPK     DWPK     RELH     UWND     VWND     HGHT
   1002.00   260.45   254.45    60.80     1.65    -1.97     5.00
   1000.00   260.85   252.85    51.32     1.09    -1.09    19.00
    997.00   261.25   250.25    39.60     1.03    -1.20    41.96
    987.00   260.85   251.85    47.06     0.75    -1.55   118.99
    980.00   260.45   251.45    46.93     0.48    -1.75   173.29
    963.16   259.49   251.69    51.79    -0.36    -2.03   305.00
    952.00   258.85   251.85    55.36    -1.21    -2.85   393.61
    947.00   258.65   253.65    65.74    -1.73    -3.13   433.50
    925.12   257.26   254.84    81.65    -4.64    -3.25   610.00
    925.00   257.25   254.85    81.75    -5.06    -3.54   611.00
    922.00   257.05   255.05    84.54    -5.36    -3.32   635.52
    901.00   255.65   254.45    90.34    -7.10    -1.11   808.87
    888.43   255.03   254.03    91.91    -7.69     0.67   914.00
    877.00   254.45   253.65    93.39    -7.55     3.63  1010.96
    873.00   255.25   253.35    85.05    -7.22     4.68  1045.16
    852.96   254.89   252.80    83.68    -3.34     9.19  1219.00
    851.00   254.85   252.75    83.54    -3.46     9.51  1236.21
    850.00   254.85   252.75    83.54    -3.52     9.68  1245.00
    801.00   251.85   249.65    82.40    -1.29    14.88  1685.20
    785.47   250.82   249.39    88.13     0.00    16.47  1829.00
    777.00   250.25   249.25    91.50     0.75    16.45  1908.67
    764.00   249.25   247.25    83.52     1.90    16.36  2031.97
    753.35   248.36   246.75    86.43     2.86    16.22  2134.00
    745.00   247.65   246.35    88.83     3.23    16.15  2215.05
    742.00   247.45   245.25    81.74     3.37    16.12  2244.27
    734.00   246.65   245.25    87.92     3.73    16.04  2322.63
    730.00   246.45   243.85    78.59     3.91    16.00  2362.04
    722.33   245.73   243.40    80.48     4.26    15.91  2438.00
    713.00   244.85   242.85    82.90     5.05    14.55  2531.39
    707.00   244.65   240.15    65.19     5.47    13.66  2591.90
    700.00   243.85   240.25    70.94     5.87    12.60  2663.00
    692.16   243.16   239.68    71.58     5.87    12.60  2743.00
    673.00   241.45   238.25    73.22     8.48    13.85  2942.38
    656.00   240.05   236.35    69.35    11.16    14.59  3122.66
    636.00   239.25   235.35    67.76    14.70    14.93  3339.85
    634.81   239.41   235.51    67.80    14.93    14.93  3353.00
    633.00   239.65   235.75    67.86    14.40    14.73  3372.98
    607.72   238.75   235.11    69.43     7.67    10.96  3658.00
    594.00   238.25   234.75    70.33     6.91    12.08  3817.73
    581.75   237.25   234.11    72.74     6.09    13.06  3962.00
    556.66   235.14   232.76    78.27     8.37     8.37  4267.00
    551.00   234.65   232.45    79.64     8.20     8.20  4337.78
    542.00   233.85   230.95    73.82     7.93     7.93  4450.69
    532.47   233.33   230.08    71.03     7.64     7.64  4572.00
    531.00   233.25   229.95    70.60     7.30     7.71  4590.84
    527.00   233.05   228.55    61.97     6.39     7.82  4642.44
    523.00   232.85   230.45    77.64     5.49     7.84  4694.39
    521.00   232.85   227.85    58.62     5.05     7.82  4720.50
    520.00   232.85   226.85    52.51     4.83     7.80  4733.59
    509.14   232.04   227.12    58.88     2.64     7.25  4877.00
    504.00   231.65   227.25    62.23     3.66     8.71  4946.02
    500.00   231.25   225.25    51.96     4.57     9.80  5000.00
    498.00   231.25   225.25    51.96     4.68    10.03  5027.19
    496.00   231.05   225.05    51.89     4.79    10.27  5054.47
    493.00   231.45   219.45    25.98     5.22    10.50  5095.63
    492.00   231.45   217.45    20.40     5.36    10.57  5109.41
    490.00   231.25   219.25    25.90     5.66    10.71  5137.05
    476.00   230.45   215.45    17.73     7.96    11.50  5333.34
    465.42   231.40   212.12    10.51     9.92    11.83  5486.00
    454.00   232.45   208.45     5.80    11.65     4.79  5654.60
    451.00   232.65   208.65     5.83    11.44     3.06  5699.82
    444.97   231.95   208.32     6.00    10.30    -0.00  5791.00
    425.36   229.63   207.22     6.62     5.66    -0.00  6096.00
    419.00   228.85   206.85     6.84     6.25     1.87  6197.95
    406.54   229.37   205.42     5.31     5.30     6.31  6401.00
    400.00   229.65   204.65     4.63     7.28     8.68  6510.00
    388.51   230.14   203.50     3.73     7.28     8.68  6706.00
    386.00   230.25   203.25     3.56     7.81     8.01  6749.52
    371.29   229.43   203.25     3.88     9.68     3.52  7010.00
    351.00   228.25   203.25     4.42     7.36     5.23  7386.60
    338.98   228.71   201.69     3.36     5.83     5.83  7620.00
    323.89   229.31   199.66     2.33     8.95     2.40  7925.00
    311.00   229.85   197.85     1.68     6.73     1.80  8196.86
    309.48   230.15   197.70     1.59     6.46     1.73  8230.00
    301.00   231.85   196.85     1.16     6.31     2.23  8417.44
    300.00   231.85   196.85     1.16     6.29     2.29  8440.00
    295.87   231.38   196.97     1.24     6.78     2.47  8534.00
    293.00   231.05   197.05     1.30     6.61     3.14  8600.07
    282.87   232.06   196.62     1.10     5.46     5.46  8839.00
    279.00   232.45   196.45     1.03     5.76     4.65  8932.44
    270.45   231.77   195.77     0.99     6.06     2.83  9144.00
    269.00   231.65   195.65     0.99     5.95     3.32  9180.54
    264.00   233.05   196.05     0.91     5.22     5.02  9308.23
    258.61   232.73   195.73     0.89     3.86     6.69  9449.00
    254.00   232.45   195.45     0.88     5.48     5.82  9571.50
    250.00   234.25   196.25     0.83     6.75     4.73  9680.00
    247.32   234.43   196.21     0.81     6.32     4.43  9754.00
    238.00   235.05   196.05     0.74     6.08     7.89 10018.04
    236.62   234.89   195.97     0.74     5.91     8.44 10058.00
    226.32   233.69   195.37     0.76     7.47     3.48 10363.00
    221.00   233.05   195.05     0.78     9.44     6.14 10526.02
    216.46   233.68   195.23     0.75    10.65     8.93 10668.00
    211.00   234.45   195.45     0.71     9.90     3.03 10843.00
    207.04   234.17   195.52     0.74     7.72    -0.00 10973.00
    200.00   233.65   195.65     0.80     8.45     2.26 11210.00
    197.00   233.25   195.25     0.78     8.39     2.47 11313.24
    190.00   234.85   195.85     0.73     8.24     2.95 11561.00
    189.42   234.85   195.85     0.73     8.22     2.99 11582.00
    173.33   234.85   195.85     0.73     5.13     0.45 12192.00
    171.00   234.85   195.85     0.73     4.49     2.52 12285.00
    165.77   234.19   195.42     0.73     0.45     5.13 12497.00
    158.53   233.23   194.81     0.73     9.86     8.27 12802.00
    151.63   232.28   194.20     0.73    10.70     6.18 13106.00
    150.00   232.05   194.05     0.73     9.36     5.40 13180.00
    147.00   231.45   193.45     0.71     9.63     5.56 13316.91
    144.99   231.85   193.63     0.70     9.81     5.66 13411.00
    132.58   234.47   194.79     0.64     9.95    -2.67 14021.00
    130.00   235.05   195.05     0.63     8.46    -0.59 14155.15
    126.79   234.84   194.94     0.63     6.09     1.07 14326.00
    121.28   234.47   194.73     0.64     5.07     0.89 14630.00
    115.99   234.09   194.53     0.64     4.67    -2.18 14935.00
    110.94   233.72   194.32     0.64     3.64     3.64 15240.00
    101.47   232.97   193.92     0.65    11.20     5.22 15850.00
    100.00   232.85   193.85     0.65     8.24    -0.00 15950.00
     97.04   232.72   193.72     0.65     8.24    -0.00 16154.00
     70.00   231.25   192.25     0.60     1.78     1.03 18370.00
     64.80   229.65   191.65     0.64     2.11     1.47 18893.38
     50.00   228.25   190.25     0.59    13.85     1.21 20640.00
     30.00   229.25   189.25     0.45     9.45    -2.53 24070.00
     20.00   234.85   192.85     0.45     2.18     4.67 26830.00
     10.00   233.65   192.65     0.50    10.04   -14.34 31580.00
