
 SNPARM = PRES;TMPK;DWPK;RELH;UWND;VWND;HGHT                                    

 STID =               STNM =     3354    TIME = 200702/1200         
 SLAT =  53.00     SLON =    -1.25   SELV =     0.0
 STIM =  1100

      PRES     TMPK     DWPK     RELH     UWND     VWND     HGHT
    997.00   286.35   284.75    90.02     0.99    -1.18     0.00
   1000.00 -9999.00 -9999.00 -9999.00 -9999.00 -9999.00    93.00
    976.00   284.00   283.74    98.29    -0.36    -4.10   212.25
    972.00   283.55   283.55   100.00    -0.23    -3.95   253.19
    927.00   281.64   281.64   100.00     0.53    -1.99   721.65
    925.00   281.55   281.55   100.00     0.70    -1.94   743.00
    887.00   280.15   279.91    98.41     4.22    -2.95  1088.60
    879.00   279.84   279.56    98.06     5.06    -3.54  1163.24
    863.00   279.23   278.84    97.36     5.32    -1.94  1314.59
    861.00   279.15   278.75    97.27     5.08    -1.85  1333.70
    859.00   279.01   278.66    97.63     4.84    -1.76  1352.75
    850.00   278.35   278.25    99.31     3.79    -2.66  1439.00
    847.00   278.22   278.15    99.54     4.22    -2.95  1467.90
    841.00   277.95   277.95   100.00     4.58    -3.20  1526.01
    840.00   277.90   277.85    99.68     4.64    -3.25  1535.72
    830.00   277.35   276.85    96.55     5.52    -2.68  1633.43
    829.00   277.29   276.81    96.72     5.60    -2.61  1643.23
    817.00   276.53   276.37    98.88     4.22    -2.95  1761.78
    811.00   276.15   276.15   100.00     4.43    -3.10  1821.71
    797.00   275.35   274.55    94.44     4.92    -3.45  1962.75
    788.00   274.75   274.35    97.17     5.25    -3.67  2054.48
    773.00   274.15   272.05    85.86     5.80    -4.06  2209.35
    770.00   273.95   272.07    87.22     5.91    -4.14  2240.59
    758.00   273.15   272.15    92.97     3.31    -3.95  2366.77
    750.00   272.85   271.35    89.60     3.91    -3.69  2451.80
    740.00   271.90   271.11    94.35     4.64    -3.25  2558.90
    729.00   270.85   270.85   100.00     3.71    -2.60  2678.41
    726.00   271.65   270.25    90.17     3.46    -2.42  2711.24
    725.00   271.58   270.13    89.83     3.37    -2.36  2722.22
    720.00   271.25   269.55    88.14     3.53    -2.66  2777.35
    700.00   269.85   268.55    90.71     4.00    -4.00  3001.00
    693.00   269.25   268.45    94.16     4.00    -4.00  3080.38
    689.00   269.05   267.65    89.97     4.00    -4.00  3126.03
    683.00   268.52   267.25    90.84     4.00    -4.00  3194.87
    680.00   268.25   267.05    91.29     4.28    -3.71  3229.52
    677.00   268.25   265.15    78.87     4.53    -3.39  3264.26
    674.00   268.05   266.15    86.50     4.76    -3.06  3299.15
    673.00   267.85   263.95    74.03     4.83    -2.95  3310.80
    672.00   267.85   263.85    73.45     4.90    -2.83  3322.46
    669.00   267.65   263.95    75.16     4.77    -3.04  3357.54
    667.00   267.45   262.45    67.80     4.68    -3.18  3381.00
    666.00   267.38   262.05    66.01     4.64    -3.25  3392.74
    664.00   267.25   261.25    62.55     4.63    -3.55  3416.28
    662.00   267.25   262.45    68.84     4.60    -3.86  3439.88
    656.00   266.85   261.85    67.67     4.40    -4.80  3511.07
    654.00   266.65   259.65    57.55     4.30    -5.12  3534.91
    650.00   266.45   261.55    68.12     4.40    -5.13  3582.78
    645.00   266.05   261.95    72.53     4.52    -5.13  3642.97
    638.00   265.45   261.85    75.36     4.70    -5.12  3727.88
    632.00   265.05   261.15    73.50     4.86    -5.12  3801.25
    624.00   264.85   258.85    61.95     5.07    -5.10  3900.05
    623.00   264.75   258.88    62.61     5.10    -5.10  3912.44
    603.00   262.65   259.55    77.96     2.96    -4.64  4164.34
    599.00   262.65   257.62    66.53     2.58    -4.46  4215.51
    597.00   262.65   256.65    61.38     2.42    -4.71  4241.22
    596.00   262.45   256.45    61.33     2.33    -4.84  4254.10
    591.00   262.05   256.05    61.22     1.83    -5.44  4318.75
    589.00   261.85   257.45    69.91     1.60    -5.66  4344.74
    586.00   261.65   256.85    67.58     1.21    -5.98  4383.85
    585.00   261.54   256.88    68.37     1.07    -6.09  4396.91
    577.00   260.65   257.15    75.08     2.26    -7.56  4502.15
    574.00   260.45   255.45    66.18     2.80    -8.06  4541.90
    573.00   260.38   255.05    64.33     2.99    -8.22  4555.17
    568.00   260.05   253.05    55.70     2.70    -7.42  4621.91
    564.00   259.78   253.45    58.91     2.47    -6.78  4675.64
    562.00   259.65   253.65    60.59     2.02    -6.39  4702.65
    556.00   258.99   251.66    53.83     0.89    -5.07  4784.03
    553.00   258.65   250.65    50.65     1.02    -4.42  4825.05
    551.00   258.48   249.34    45.75     1.07    -3.98  4852.43
    546.00   258.05   246.05    35.18     1.29    -4.81  4921.31
    545.00   257.97   245.77    34.52     1.33    -4.97  4935.13
    540.00   257.57   244.38    31.35    -0.54    -6.16  5004.57
    536.00   257.25   243.25    28.97    -1.03    -6.51  5060.60
    535.00   257.15   244.15    31.78    -1.16    -6.59  5074.64
    534.00   257.05   245.05    34.85    -1.10    -6.55  5088.71
    531.00   256.65   250.65    59.77    -0.90    -6.42  5131.04
    530.00   256.45   251.45    65.20    -0.84    -6.38  5145.18
    528.00   256.25   247.25    45.60    -0.72    -6.29  5173.54
    527.00   256.25   251.25    65.15    -0.66    -6.25  5187.75
    526.00   256.05   251.05    65.10    -0.60    -6.20  5201.98
    525.00   256.05   249.05    54.53    -0.54    -6.16  5216.23
    524.00   255.85   248.85    54.47    -0.57    -6.18  5230.51
    523.00   255.85   246.85    45.47    -0.61    -6.21  5244.80
    522.00   255.85   248.85    54.47    -0.65    -6.24  5259.12
    518.00   255.45   247.45    49.66    -0.80    -6.35  5316.65
    517.00   255.25   248.25    54.30    -0.84    -6.38  5331.08
    516.00   255.25   246.25    45.27    -0.88    -6.41  5345.53
    515.00   255.25   247.25    49.60    -0.92    -6.43  5360.02
    513.00   255.05   246.05    45.21    -1.00    -6.48  5389.05
    512.00   254.85   248.85    59.28    -1.04    -6.51  5403.60
    510.00   254.65   250.15    67.69    -1.12    -6.56  5432.77
    509.00   254.55   250.10    67.96    -1.16    -6.59  5447.39
    508.00   254.45   250.05    68.24    -1.07    -6.53  5462.03
    502.00   253.85   249.23    66.75    -0.54    -6.16  5550.33
    500.00   253.65   248.95    66.25    -0.00    -6.69  5580.00
    494.00   252.85   248.45    67.86     1.46    -8.36  5669.92
    489.00   252.85   244.85    48.84     3.14    -9.49  5745.56
    488.00   252.78   244.45    47.33     3.52    -9.68  5760.77
    486.00   252.65   243.65    44.42     3.66   -10.06  5791.29
    483.00   252.26   243.46    45.11     3.88   -10.65  5836.92
    467.00   250.15   242.40    49.13     5.00   -10.73  6085.19
    456.00   248.65   241.65    52.27     2.06   -11.66  6260.85
    455.00   248.65   238.65    39.06     1.89   -11.93  6276.90
    454.00   248.65   237.65    35.38     1.72   -12.19  6292.98
    453.00   248.65   238.65    39.06     1.54   -12.46  6309.10
    451.00   248.65   240.65    47.48     1.15   -12.98  6341.45
    450.00   248.45   240.45    47.41     0.94   -13.23  6357.67
    448.00   248.45   239.45    43.02     0.49   -13.74  6390.20
    447.00   248.45   238.45    38.99     0.26   -13.98  6406.52
    444.00   248.45   241.45    52.21    -0.50   -14.70  6455.71
    443.00   248.65   239.65    43.08    -0.77   -14.93  6472.19
    442.00   248.65   227.65    12.45    -1.06   -15.16  6488.71
    441.00   248.55   226.05    10.52    -1.35   -15.38  6505.26
    440.00   248.45   224.45     8.87    -1.35   -15.38  6521.84
    438.00   248.25   226.25    11.05    -1.35   -15.38  6555.10
    435.00   248.05   232.05    21.07    -1.35   -15.38  6605.23
    425.00   246.49   232.57    25.64     2.77   -15.72  6773.78
    416.00   245.05   233.05    30.77     0.51   -15.95  6928.90
    414.00   244.75   232.44    29.71    -0.00   -15.96  6963.47
    403.00   243.05   229.05    24.28     1.17   -17.13  7156.66
    401.00   242.85   226.85    19.45     1.41   -17.33  7192.18
    400.00   242.65   233.65    41.02     1.53   -17.43  7210.00
    399.00   242.65   234.65    45.46     1.58   -17.49  7227.75
    397.00   242.25   233.25    40.88     1.69   -17.59  7263.34
    396.00   242.05   230.05    29.73     1.74   -17.65  7281.19
    395.00   241.85   227.85    23.88     1.80   -17.70  7299.06
    394.00   241.65   227.65    23.81     1.85   -17.75  7316.96
    392.00   241.45   230.45    32.86     1.97   -17.86  7352.87
    389.00   241.05   227.05    23.61     2.14   -18.02  7407.02
    387.00   240.45   228.45    29.17     2.26   -18.12  7443.28
    383.00   239.85   232.85    49.40     2.50   -18.33  7516.17
    373.00   238.45   230.45    44.00     3.14   -18.85  7701.03
    371.00   238.45   228.45    35.47     3.28   -18.95  7738.48
    370.00   238.25   229.25    39.45     3.34   -19.00  7757.28
    365.00   238.25   226.25    28.39     3.69   -19.26  7851.98
    361.00   237.65   225.65    28.18     3.98   -19.46  7928.58
    359.00   237.65   227.65    35.18     4.12   -19.56  7967.15
    355.00   237.05   226.05    31.29     4.42   -19.76  8044.85
    347.00   235.85   227.85    43.07     5.05   -20.15  8202.30
    342.00   235.15   226.09    38.08     5.46   -20.39  8301.88
    333.00   233.85   222.85    30.13     5.32   -19.84  8484.85
    330.00   233.45   224.45    37.70     5.26   -19.65  8546.62
    327.00   232.85   222.85    33.42     5.21   -19.46  8608.82
    326.00   232.75   223.25    35.36     5.20   -19.40  8629.65
    325.00   232.65   223.65    37.41     5.35   -19.44  8650.54
    317.00   231.65   220.65    29.33     6.60   -19.73  8819.57
    301.00   228.65   217.65    28.22     9.36   -20.07  9167.78
    300.00   228.45   218.45    31.78     9.36   -20.07  9190.00
    298.00   228.05   219.05    35.68     9.33   -20.01  9234.78
    293.00   227.65   215.65    24.61     9.26   -19.86  9347.86
    289.00   227.05   215.05    24.40     9.21   -19.74  9439.52
    280.00   225.25   214.25    26.96     9.08   -19.47  9649.37
    268.00   223.45   211.45    23.10     8.90   -19.09  9937.59
    255.00   221.17   210.69    27.23     8.70   -18.66 10261.28
    251.00   220.45   210.45    28.73     8.53   -18.29 10364.20
    250.00   220.25   210.25    28.65     8.49   -18.20 10390.00
    247.00   220.05   209.05    25.02     7.83   -16.79 10467.79
    241.00   220.25   207.27    19.22     5.44   -11.66 10626.31
    235.00   220.45   205.45    14.60     9.51   -10.53 10788.83
    234.00   220.81   205.01    13.16    10.19   -10.19 10816.59
    224.00   224.45   200.45     4.49     8.01    -5.61 11100.94
    218.00   223.65   197.65     3.23    11.26    -3.26 11278.98
    213.00   226.14   195.99     1.89    13.38    -0.00 11431.87
    212.00   226.65   195.65     1.69    13.50    -0.00 11462.88
    206.00   227.25   195.25     1.49    14.20    -0.00 11653.58
    200.00   226.85   194.85     1.46    14.93    -0.00 11850.00
    191.00   226.05   193.05     1.20    14.13    -0.92 12155.57
    188.00   226.22   192.85     1.14    13.85    -1.21 12260.78
    182.00   226.58   192.45     1.03    14.42     3.86 12476.32
    168.00   227.45   191.45     0.79    15.91     4.26 13008.23
    155.00   225.89   190.60     0.82    17.41     4.66 13542.49
    150.00   225.25   190.25     0.83    16.93     1.48 13760.00
    147.00   225.04   190.14     0.83    14.36     1.26 13892.37
    143.00   224.75   190.00     0.84    12.17     2.15 14073.13
    139.00   224.45   189.85     0.85    13.06     4.75 14259.01
    124.00   223.25   189.25     0.88    11.76     5.40 15007.21
    123.00   223.29   189.22     0.87    11.66     5.44 15060.09
    117.00   223.54   189.06     0.82    12.43     3.33 15386.74
    114.00   223.67   188.97     0.80    11.20     5.22 15556.40
    110.00   223.85   188.85     0.77    15.72     2.77 15789.70
    107.00   223.21   188.50     0.78    13.85     1.21 15969.66
    101.00   221.88   187.78     0.80     8.86     6.20 16345.24
    100.00   221.65   187.65     0.80    10.25     5.92 16410.00
     70.00   222.25   187.25     0.70     7.58     4.37 18740.00
     50.00   222.25   187.25     0.70     1.33     4.97 20920.00
     30.00   225.05   188.05     0.58    -5.13    -2.39 24280.00
     20.00   230.45   190.45     0.48    -7.14     4.12 26970.00
