
 SNPARM = PRES;TMPK;DWPK;RELH;UWND;VWND;HGHT                                    

 STID = PKMJ          STNM =    91376    TIME = 200106/1200         
 SLAT =   7.07     SLON =   171.29   SELV =     4.0
 STIM =  1200

      PRES     TMPK     DWPK     RELH     UWND     VWND     HGHT
   1009.00   301.15   298.55    85.79    -2.03     0.36     4.00
   1005.00   301.55   299.15    86.86    -3.18    -0.31    39.46
   1000.00   301.15   298.75    86.82    -4.20    -1.96    84.00
    949.00   297.35   296.15    93.02    -5.65     0.52   548.09
    937.00   296.95   294.35    85.38    -5.78     1.29   659.99
    925.00   295.95   293.85    87.95    -5.81     2.11   773.00
    908.00   295.35   292.65    84.68    -6.08     2.35   935.01
    883.00   293.55   292.25    92.25    -6.48     2.72  1177.81
    850.00   291.95   290.25    89.85    -7.00     3.26  1507.00
    819.00   290.35   288.35    88.02    -7.83     3.34  1826.34
    802.00   290.15   286.35    78.31    -8.30     3.35  2005.94
    798.00   289.75   286.85    82.98    -8.41     3.36  2048.69
    793.00   289.95   284.95    72.34    -8.56     3.36  2102.40
    789.00   289.55   286.45    81.89    -8.67     3.36  2145.60
    782.00   289.15   284.15    72.20    -8.88     3.36  2221.61
    772.00   288.75   282.75    67.46    -9.17     3.35  2331.16
    767.00   288.15   283.95    75.96    -9.32     3.34  2386.37
    758.00   288.15   282.15    67.33    -9.59     3.32  2486.55
    754.00   287.55   283.35    75.87    -9.71     3.31  2531.40
    748.00   287.55   280.55    62.78    -9.90     3.30  2599.05
    742.00   287.15   280.15    62.69   -10.08     3.28  2667.15
    726.00   285.75   281.25    74.05   -10.59     3.21  2850.95
    711.00   285.35   276.35    54.13   -11.07     3.13  3026.33
    704.00   284.75   278.75    66.61   -11.30     3.09  3109.27
    700.00   284.75   277.75    62.13   -11.44     3.06  3157.00
    693.00   284.75   275.75    53.97   -11.47     2.82  3241.12
    689.00   284.15   278.15    66.48   -11.48     2.68  3289.53
    676.00   282.95   279.85    81.02   -11.52     2.21  3448.43
    668.00   282.55   279.95    83.80   -11.54     1.92  3547.50
    660.00   282.75   277.95    71.99   -11.55     1.62  3647.70
    630.00   279.75   276.85    81.72   -11.51     0.50  4032.51
    620.00   279.35   276.55    82.25   -11.47     0.11  4164.05
    616.00   279.75   275.45    74.01   -11.45    -0.04  4217.26
    603.00   278.75   274.95    76.52   -11.37    -0.54  4392.36
    585.00   277.15   272.15    69.88   -11.22    -1.25  4639.90
    582.00   276.95   272.95    75.12   -11.19    -1.36  4681.74
    577.00   276.75   269.75    60.19   -11.14    -1.56  4751.91
    564.00   275.55   269.55    64.56   -10.99    -2.07  4936.67
    561.00   275.15   272.15    80.51   -10.95    -2.19  4979.80
    556.00   274.55   272.35    85.28   -10.88    -2.39  5052.10
    551.00   274.35   268.35    64.28   -10.80    -2.58  5124.91
    548.00   273.95   269.05    69.73   -10.76    -2.70  5168.85
    544.00   273.55   271.35    85.17   -10.69    -2.86  5227.75
    534.00   272.45   270.15    84.41   -10.52    -3.25  5376.53
    531.00   272.25   267.95    72.61   -10.46    -3.37  5421.59
    529.00   272.25   268.55    75.98   -10.43    -3.45  5451.75
    527.00   272.25   265.25    59.04   -10.39    -3.53  5482.02
    516.00   271.25   263.25    54.34   -10.16    -3.95  5650.17
    512.00   271.05   259.05    39.36   -10.08    -4.11  5712.04
    510.00   270.65   261.65    50.03   -10.03    -4.19  5743.12
    500.00   269.65   261.65    53.89    -9.80    -4.57  5900.00
    498.00   269.45   261.45    53.84    -9.78    -4.52  5931.69
    495.00   268.85   262.85    62.95    -9.75    -4.45  5979.39
    490.00   268.45   260.45    53.55    -9.70    -4.34  6059.39
    482.00   267.85   259.85    53.38    -9.61    -4.15  6188.84
    475.00   267.45   249.45    22.72    -9.54    -3.99  6303.61
    473.00   267.25   251.25    27.05    -9.51    -3.94  6336.66
    471.00   267.05   248.05    20.67    -9.49    -3.90  6369.82
    466.00   266.45   251.45    29.26    -9.43    -3.78  6453.23
    462.00   266.25   246.25    18.65    -9.38    -3.69  6520.49
    460.00   265.85   249.85    26.62    -9.36    -3.64  6554.30
    455.00   265.25   246.25    20.15    -9.29    -3.53  6639.32
    448.00   264.45   255.45    48.17    -9.20    -3.36  6759.64
    444.00   264.05   254.05    44.13    -9.15    -3.27  6829.11
    442.00   264.05   251.05    34.03    -9.12    -3.22  6864.04
    437.00   263.45   257.45    61.59    -9.05    -3.11  6951.99
    434.00   263.45   253.45    43.94    -9.00    -3.04  7005.19
    431.00   262.85   256.85    61.43    -8.96    -2.97  7058.70
    420.00   261.45   258.25    77.12    -8.79    -2.72  7257.43
    416.00   261.05   256.25    67.44    -8.73    -2.63  7330.73
    402.00   259.65   256.55    77.45    -8.49    -2.31  7592.04
    400.00   259.45   255.95    74.86    -8.45    -2.26  7630.00
    396.00   259.25   254.25    65.89    -8.47    -2.05  7706.39
    392.00   258.65   254.35    69.80    -8.48    -1.83  7783.42
    385.00   258.05   251.05    55.12    -8.49    -1.45  7919.81
    377.00   257.05   251.05    59.88    -8.48    -1.01  8078.24
    373.00   256.65   248.65    50.04    -8.46    -0.78  8158.49
    370.00   256.05   249.05    54.53    -8.45    -0.61  8219.13
    362.00   255.05   246.05    45.21    -8.39    -0.16  8382.73
    357.00   254.45   247.45    54.06    -8.34     0.12  8486.50
    353.00   254.25   245.25    44.95    -8.30     0.34  8570.43
    343.00   252.45   246.45    58.60    -8.15     0.91  8783.64
    336.00   251.65   240.65    36.41    -8.02     1.31  8935.82
    327.00   249.85   236.85    29.35    -7.82     1.81  9135.13
    315.00   248.05   236.05    31.81    -7.50     2.47  9407.60
    302.00   245.85   228.85    18.30    -7.07     3.16  9712.25
    300.00   245.25   229.25    20.20    -7.00     3.26  9760.00
    295.00   244.25   230.25    24.68    -6.56     3.19  9880.27
    285.00   242.25   225.25    17.22    -5.68     2.99 10125.54
    282.00   241.65   231.65    36.61    -5.41     2.92 10200.40
    279.00   241.25   225.25    18.95    -5.14     2.85 10275.90
    274.00   240.25   231.25    40.17    -4.69     2.71 10403.19
    267.00   238.45   229.45    39.53    -4.06     2.48 10584.30
    260.00   237.25   232.45    61.23    -3.43     2.22 10769.06
    253.00   235.85   232.25    69.02    -2.80     1.91 10957.84
    250.00   235.25   231.25    66.02    -2.53     1.77 11040.00
    240.00   232.85   228.45    62.58    -1.94     1.76 11320.57
    233.00   231.45   224.45    46.48    -1.53     1.68 11522.36
    222.00   228.45   222.45    50.99    -0.95     1.43 11848.89
    219.00   227.85   218.85    35.61    -0.81     1.33 11940.04
    214.00   226.45   218.45    39.60    -0.59     1.15 12094.07
    206.00   224.25   211.25    20.54    -0.30     0.80 12346.16
    202.00   223.05   213.05    29.73    -0.18     0.60 12474.92
    200.00   222.45   215.45    43.14    -0.13     0.49 12540.00
    197.00   221.85   215.85    48.61    -0.19     0.64 12638.34
    189.00   219.65   214.65    54.22    -0.40     1.04 12906.40
    168.00   213.05   207.05    45.23    -1.30     1.99 13652.77
    150.00   207.05   202.15    50.21    -2.55     2.55 14350.00
    149.00   206.85   202.05    50.86    -2.43     2.68 14390.44
    142.00   204.05   198.05    41.52    -1.40     3.47 14679.27
    133.00   200.45   195.45    46.78     0.37     3.89 15066.18
    116.00   194.65   188.65    37.38     3.78     1.95 15855.49
    114.00   193.85   189.05    45.43     4.04     1.47 15954.19
    110.00   193.05   187.05    36.65     4.37     0.38 16156.06
    100.00   190.45   184.45    35.45     3.79    -2.66 16690.00
     86.90   187.25   181.25    33.94    -4.34     3.64 17467.47
     70.00   192.05   185.05    30.32     3.55    -2.98 18670.00
     50.00   194.85   186.85    26.57     3.26     1.52 20580.00
     30.00   211.05   181.05     0.91     9.80    -4.57 23720.00
     20.00   215.25   183.25     0.80   -19.49     1.70 26250.00
     10.00   221.85   188.85     0.97   -20.80     7.57 30750.00
